time_hours,head_m,frequency_hz,flow_m3h,power_kw,power_factor,efficiency_pct,proxy_value,reopt_triggered,bep_locked
0.0,30.0,47.5,0.9378011287760571,0.27533498608246154,0.7491370914913433,32.75806099422887,2.5515885939688983,True,False
0.016666666666666666,29.994444444444444,47.5,0.9394568863580994,0.27539094359000355,0.7492047310625782,32.803154041718855,2.55580497569549,False,False
0.03333333333333333,29.988888888888887,48.5,1.2886691826319543,0.3028895923500309,0.7613558966509806,40.903931100653736,3.2392525389099514,False,False
0.05,29.983333333333334,49.5,1.576174784844729,0.32800853286404436,0.7692848030498661,46.189868699910775,3.6966334331126096,False,False
0.06666666666666667,29.977777777777778,50.5,1.827949171821762,0.3524541858249201,0.7747652377450428,49.843491830028555,4.018200185018792,False,False
0.08333333333333333,29.97222222222222,51.5,2.055834981643547,0.3768179844554285,0.7786347324121676,52.42315494144514,4.248057648121461,False,False
0.09999999999999999,29.966666666666665,52.5,2.26639774611633,0.4013745622743377,0.7813698586622738,54.24657244151591,4.41207553493391,False,False
0.11666666666666665,29.961111111111112,53.5,2.46371812795459,0.42627341926553003,0.7832721008675539,55.51473391170264,4.52705138723745,False,False
0.13333333333333333,29.955555555555556,54.5,2.6505323645244983,0.4516044346620661,0.7845456236399901,56.363749093326774,4.604612814442145,False,False
0.15,29.95,55.5,2.8287776682229366,0.47742533806959664,0.7853353584729175,56.89023898194503,4.653165525517624,False,False
0.16666666666666666,29.944444444444443,56.5,2.9998828550076526,0.503774908750797,0.7857477756361883,57.16518375745886,4.678977137500541,False,False
0.18333333333333332,29.93888888888889,57.5,3.1649360152299724,0.5306799713482093,0.785863137891133,57.24209192742203,4.686829506367948,False,False
0.19999999999999998,29.933333333333334,58.5,3.3247873375317916,0.5581593905092211,0.7857431744055233,57.162116270348896,4.680435376052961,False,False
0.21666666666666665,29.927777777777777,57.6,3.1822192134374547,0.5333963965031892,0.785860482873523,57.24032191568196,4.688408740808598,False,False
0.2333333333333333,29.92222222222222,58.410000000000004,3.3117353140795887,0.5556530722572641,0.7857599626267902,57.17330841786013,4.683190189248484,False,False
0.24999999999999997,29.916666666666668,57.681000000000004,3.1963876761296945,0.5355991973203704,0.7858561821839816,57.23745478932105,4.689889433200007,False,False
0.26666666666666666,29.91111111111111,58.33710000000001,3.3013505259121074,0.5536253035552743,0.7857723073831526,57.18153825543513,4.685677846672959,False,False
0.2833333333333333,29.905555555555555,57.746610000000004,3.2080471201080343,0.5373845589425196,0.785851180219976,57.2341201466507,4.691328720905532,False,False
0.3,29.9,58.278051000000005,3.29313455822014,0.5519838886015425,0.7857813947029049,57.18759646860326,4.687969920025171,False,False
0.31666666666666665,29.894444444444446,57.7997541,3.2176833409788634,0.5388308775924928,0.7858460177933592,57.2306785289061,4.6927593521108575,False,False
0.3333333333333333,29.88888888888889,58.230221310000005,3.2866807622901364,0.5506545765853166,0.7857880665929935,57.192044395329,4.6901172377856515,False,True
0.35,29.883333333333333,58.008273641,3.252059723340343,0.5445393063161499,0.7858217089060979,57.214472604065335,4.693029685126715,False,True
0.36666666666666664,29.877777777777776,58.008273641,3.2526146469399406,0.5445355647391424,0.7858209853196172,57.21399021307815,4.693858422172648,False,True
0.3833333333333333,29.872222222222224,58.008273641,3.253169484188448,0.5445318130150933,0.7858202555993141,57.21350373287607,4.694687095356166,False,True
0.39999999999999997,29.866666666666667,58.008273641,3.253724235126166,0.5445280511434806,0.7858195197474372,57.213013164958184,4.695515704779965,False,True
0.41666666666666663,29.86111111111111,58.008273641,3.2542788997933614,0.5445242791237775,0.7858187777662337,57.21251851082244,4.696344250546744,False,True
0.4333333333333333,29.855555555555554,58.008273641,3.2548334782302697,0.5445204969554556,0.7858180296579484,57.21201977196565,4.697172732759168,False,True
0.44999999999999996,29.85,58.008273641,3.255387970477095,0.5445167046379803,0.7858172754248255,57.211516949883645,4.698001151519919,False,True
0.4666666666666666,29.844444444444445,58.008273641,3.255942376574012,0.5445129021708149,0.7858165150691065,57.21101004607105,4.698829506931655,False,True
0.4833333333333333,29.83888888888889,58.008273641,3.256496696561162,0.5445090895534185,0.7858157485930322,57.21049906202147,4.699657799097029,False,True
0.49999999999999994,29.833333333333332,58.008273641,3.257050930478656,0.5445052667852461,0.785814975998841,57.20998399922734,4.7004860281186875,False,True
0.5166666666666666,29.82777777777778,58.008273641,3.257605078366574,0.54450143386575,0.78581419728877,57.20946485918004,4.701314194099259,True,False
0.5333333333333333,29.822222222222223,47.5,0.9896944910968651,0.2770368890403723,0.7512321277509633,34.15475183397555,2.6837230989182697,False,False
0.55,29.816666666666666,48.5,1.3277376961891187,0.30384351778257274,0.7626556500646628,41.77043337644192,3.3326584130949963,False,False
0.5666666666666668,29.81111111111111,49.5,1.6091541110489593,0.32866535510822076,0.7701876521656392,46.791768110426176,3.770858739745779,False,False
0.5833333333333335,29.805555555555557,50.5,1.8569492932827507,0.3529345963091619,0.7754122457251507,50.274830483433774,4.079796191022292,False,False
0.6000000000000002,29.8,51.5,2.0819700314314873,0.37717429368020833,0.7791020050794772,52.73467005298487,4.30057682398404,False,False
0.6166666666666669,29.794444444444444,52.5,2.2903406582514347,0.4016337731010457,0.7817041261414135,54.46941742760897,4.457714621459771,False,False
0.6333333333333336,29.788888888888888,53.5,2.485912267929152,0.42645090486320786,0.7835045042079658,55.669669471977244,4.5672864959991095,False,False
0.6500000000000004,29.78333333333333,54.5,2.671288253748292,0.45170942500688716,0.7846981148532925,56.465409902195006,4.640493956737937,False,False
0.6666666666666671,29.77777777777778,55.5,2.8483228905790368,0.47746348277835776,0.7854240549798371,56.949369986558075,4.685471026166364,False,False
0.6833333333333338,29.772222222222222,56.5,3.018390168987961,0.5037496107934504,0.7857848795812298,57.18991972081986,4.708302110112936,False,False
0.7000000000000005,29.766666666666666,57.5,3.182540282223698,0.5305931396596599,0.785858109786539,57.238739857692714,4.713640082327627,False,False
0.7166666666666672,29.76111111111111,58.5,3.3415962658925715,0.5580118923871111,0.7857034891888074,57.13565945920492,4.705103746697006,False,False
0.733333333333334,29.755555555555556,57.6,3.19973410519338,0.5333028731687248,0.7858512988681934,57.23419924546225,4.71498529092593,False,False
0.7500000000000007,29.75,58.410000000000004,3.328606693142934,0.5555103634945865,0.7857227562852482,57.14850419016548,4.708034624364445,False,False
0.7666666666666674,29.744444444444444,57.681000000000004,3.213829998191655,0.5355001404428581,0.7858436179049658,57.22907860331055,4.716278488782091,False,False
0.7833333333333341,29.738888888888887,58.33710000000001,3.3182719577834816,0.5534863553534882,0.7857370696757526,57.15804645050176,4.710665871484493,False,False
0.8000000000000008,29.733333333333334,57.746610000000004,3.225430199614391,0.53728090408703,0.7858358440957528,57.22389606383519,4.717567001181449,False,False
0.8166666666666675,29.727777777777778,58.278051000000005,3.3100958346905993,0.5518478674546476,0.785747701011435,57.16513400762332,4.713074645430997,False,False
0.8333333333333343,29.72222222222222,57.7997541,3.2350177887374136,0.5387233810839235,0.7858283898629479,57.2189265752986,4.718875974877154,False,False
0.850000000000001,29.716666666666665,58.230221310000005,3.303673505594162,0.5505208071629482,0.7857555655157561,57.17037701050408,4.715316496473872,False,True
0.8666666666666677,29.711111111111112,58.008273641,3.269222381833161,0.5444185965895123,0.7857964355535393,57.197623702359536,4.718691298881758,False,True
0.8833333333333344,29.705555555555556,58.008273641,3.269774647148022,0.5444145401945791,0.7857955228567888,57.19701523785917,4.719518103908893,False,True
0.9000000000000011,29.7,58.008273641,3.270326827346628,0.5444104736346786,0.7857946040951616,57.19640273010771,4.720344848253364,False,True
0.9166666666666679,29.694444444444443,58.008273641,3.2708789224683215,0.5444063969091725,0.785793679270856,57.19578618057064,4.721171532017628,False,True
0.9333333333333346,29.68888888888889,58.008273641,3.271430932552416,0.5444023100174198,0.7857927483860685,57.19516559071231,4.721998155304127,False,True
0.9500000000000013,29.683333333333334,58.008273641,3.2719828576381933,0.5443982129587749,0.785791811442994,57.19454096199602,4.7228247182153025,False,True
0.966666666666668,29.677777777777777,58.008273641,3.2725346977649052,0.544394105732589,0.7857908684438261,57.19391229588403,4.723651220853584,False,True
0.9833333333333347,29.67222222222222,58.008273641,3.273086452971774,0.5443899883382095,0.7857899193907563,57.193279593837495,4.724477663321397,False,True
1.0000000000000013,29.666666666666668,58.008273641,3.27363812329799,0.5443858607749799,0.7857889642859749,57.19264285731658,4.725304045721163,False,True
1.016666666666668,29.66111111111111,58.008273641,3.2741897087827163,0.54438172304224,0.7857880031316704,57.1920020877803,4.726130368155296,False,True
1.0333333333333345,29.655555555555555,58.008273641,3.274741209465083,0.5443775751393259,0.78578703593003,57.19135728668668,4.726956630726204,False,True
1.0500000000000012,29.65,58.008273641,3.2752926253841923,0.5443734170655706,0.7857860626832389,57.19070845549265,4.727782833536284,False,True
1.0666666666666678,29.644444444444446,58.008273641,3.275843956579114,0.5443692488203025,0.7857850833934812,57.1900555956541,4.728608976687935,False,True
1.0833333333333344,29.63888888888889,58.008273641,3.276395203088891,0.5443650704028469,0.7857840980629387,57.18939870862585,4.729435060283543,False,True
1.100000000000001,29.633333333333333,58.008273641,3.2769463649525337,0.5443608818125248,0.7857831066937925,57.18873779586169,4.730261084425495,False,True
1.1166666666666676,29.627777777777776,58.008273641,3.2774974422090226,0.5443566830486545,0.7857821092882215,57.1880728588143,4.731087049216162,False,True
1.1333333333333342,29.622222222222224,58.008273641,3.2780484348973107,0.5443524741105493,0.7857811058484031,57.187403898935386,4.731912954757924,False,True
1.1500000000000008,29.616666666666667,58.008273641,3.2785993430563183,0.5443482549975197,0.7857800963765132,57.18673091767553,4.732738801153143,False,True
1.1666666666666674,29.61111111111111,58.008273641,3.2791501667249383,0.5443440257088727,0.7857790808747265,57.18605391648431,4.733564588504178,False,True
1.183333333333334,29.605555555555554,58.008273641,3.279700905942031,0.5443397862439109,0.7857780593452153,57.18537289681023,4.734390316913385,False,True
1.2000000000000006,29.6,58.008273641,3.280251560746429,0.5443355366019331,0.7857770317901511,57.18468786010076,4.735215986483117,False,True
1.2166666666666672,29.594444444444445,58.008273641,3.2808021311769355,0.5443312767822357,0.7857759982117034,57.1839988078023,4.736041597315712,False,True
1.2333333333333338,29.58888888888889,58.008273641,3.281352617272322,0.5443270067841097,0.7857749586120404,57.183305741360236,4.736867149513515,False,True
1.2500000000000004,29.583333333333332,58.008273641,3.281903019071333,0.5443227266068434,0.7857739129933283,57.18260866221888,4.737692643178859,False,True
1.266666666666667,29.57777777777778,58.008273641,3.2824533366126794,0.5443184362497215,0.7857728613577323,57.18190757182151,4.738518078414067,False,True
1.2833333333333337,29.572222222222223,58.008273641,3.283003569935046,0.5443141357120246,0.7857718037074155,57.18120247161038,4.739343455321468,False,True
1.3000000000000003,29.566666666666666,58.008273641,3.283553719077088,0.5443098249930295,0.78577074004454,57.18049336302665,4.740168774003384,False,True
1.3166666666666669,29.56111111111111,58.008273641,3.284103784077428,0.5443055040920098,0.7857696703712658,57.179780247510514,4.740994034562122,False,True
1.3333333333333335,29.555555555555557,58.008273641,3.284653764974661,0.544301173008235,0.7857685946897516,57.17906312650106,4.741819237099994,False,True
1.35,29.55,58.008273641,3.2852036618073543,0.5442968317409713,0.7857675130021545,57.17834200143638,4.742644381719306,False,True
1.3666666666666667,29.544444444444444,58.008273641,3.2857534746140424,0.544292480289481,0.7857664253106301,57.17761687375346,4.743469468522354,False,True
1.3833333333333333,29.538888888888888,58.008273641,3.286303203433233,0.5442881186530223,0.7857653316173325,57.17688774488836,4.744294497611441,False,True
1.4,29.533333333333335,58.008273641,3.2868528483034014,0.5442837468308505,0.785764231924414,57.17615461627602,4.745119469088849,False,True
1.4166666666666665,29.52777777777778,58.008273641,3.287402409262997,0.5442793648222166,0.7857631262340256,57.17541748935035,4.74594438305687,False,True
1.4333333333333331,29.522222222222222,58.008273641,3.287951886350439,0.5442749726263685,0.7857620145483164,57.17467636554427,4.746769239617785,False,True
1.4499999999999997,29.516666666666666,58.008273641,3.2885012796041138,0.5442705702425498,0.7857608968694344,57.17393124628964,4.74759403887387,False,True
1.4666666666666663,29.511111111111113,58.008273641,3.289050589062383,0.5442661576700004,0.785759773199526,57.173182133017306,4.748418780927403,False,True
1.483333333333333,29.505555555555556,58.008273641,3.289599814763577,0.5442617349079575,0.7857586435407355,57.17242902715702,4.7492434658806495,False,True
1.4999999999999996,29.5,58.008273641,3.290148956745998,0.5442573019556536,0.7857575078952064,57.1716719301376,4.750068093835877,False,True
1.5166666666666662,29.494444444444444,58.008273641,3.2906980150479166,0.5442528588123176,0.7857563662650802,57.17091084338678,4.750892664895348,False,True
1.5333333333333328,29.48888888888889,58.008273641,3.2912469897075765,0.5442484054771751,0.7857552186524969,57.170145768331274,4.75171717916132,False,True
1.5499999999999994,29.483333333333334,58.008273641,3.2917958807631926,0.5442439419494483,0.7857540650595951,57.169376706396754,4.752541636736047,False,True
1.566666666666666,29.477777777777778,58.008273641,3.292344688252949,0.5442394682283548,0.7857529054885118,57.168603659007935,4.75336603772178,False,True
1.5833333333333326,29.47222222222222,58.008273641,3.292893412215001,0.5442349843131091,0.7857517399413826,57.16782662758841,4.7541903822207665,False,True
1.5999999999999992,29.46666666666667,58.008273641,3.2934420526874764,0.5442304902029225,0.7857505684203412,57.16704561356083,4.755014670335248,False,True
1.6166666666666658,29.461111111111112,58.008273641,3.2939906097084726,0.5442259858970013,0.7857493909275202,57.166260618346776,4.7558389021674685,False,True
1.6333333333333324,29.455555555555556,58.008273641,3.2945390833160584,0.5442214713945498,0.7857482074650503,57.16547164336683,4.756663077819659,False,True
1.649999999999999,29.45,58.008273641,3.295087473548273,0.5442169466947671,0.7857470180350608,57.164678690040546,4.757487197394056,False,True
1.6666666666666656,29.444444444444446,58.008273641,3.2956357804431287,0.5442124117968495,0.7857458226396797,57.163881759786484,4.75831126099289,False,True
1.6833333333333322,29.43888888888889,58.008273641,3.2961840040386066,0.5442078666999892,0.7857446212810332,57.16308085402214,4.759135268718389,False,True
1.6999999999999988,29.433333333333334,58.008273641,3.2967321443726605,0.5442033114033757,0.785743413961246,57.16227597416401,4.759959220672771,False,True
1.7166666666666655,29.427777777777777,58.008273641,3.297280201483215,0.5441987459061932,0.7857422006824414,57.16146712162762,4.760783116958264,False,True
1.733333333333332,29.422222222222224,58.008273641,3.2978281754081644,0.5441941702076235,0.7857409814467411,57.16065429782743,4.761606957677083,False,True
1.7499999999999987,29.416666666666668,58.008273641,3.298376066185377,0.5441895843068443,0.7857397562562654,57.159837504176906,4.762430742931443,False,True
1.7666666666666653,29.41111111111111,58.008273641,3.2989238738526914,0.5441849882030297,0.7857385251131327,57.159016742088475,4.763254472823557,False,True
1.7833333333333319,29.405555555555555,58.008273641,3.2994715984479153,0.54418038189535,0.7857372880194604,57.15819201297362,4.764078147455635,False,True
1.7999999999999985,29.400000000000002,58.008273641,3.300019240008831,0.5441757653829723,0.785736044977364,57.15736331824273,4.764901766929882,False,True
1.816666666666665,29.394444444444446,58.008273641,3.30056679857319,0.5441711386650594,0.7857347959889578,57.15653065930522,4.765725331348504,False,True
1.8333333333333317,29.38888888888889,58.008273641,3.3011142741787167,0.5441665017407706,0.7857335410563543,57.155694037569546,4.766548840813706,False,True
1.8499999999999983,29.383333333333333,58.008273641,3.3016616668631054,0.5441618546092617,0.7857322801816646,57.15485345444308,4.767372295427688,False,True
1.866666666666665,29.37777777777778,58.008273641,3.302208976664023,0.5441571972696853,0.7857310133669984,57.15400891133221,4.76819569529264,False,True
1.8833333333333315,29.372222222222224,58.008273641,3.302756203619107,0.5441525297211892,0.7857297406144635,57.153160409642354,4.769019040510765,False,True
1.8999999999999981,29.366666666666667,58.008273641,3.303303347765968,0.5441478519629187,0.7857284619261669,57.15230795077789,4.769842331184253,False,True
1.9166666666666647,29.36111111111111,58.008273641,3.303850409142186,0.544143163994015,0.7857271773042133,57.151451536142204,4.770665567415293,False,True
1.9333333333333313,29.355555555555558,58.008273641,3.304397387785314,0.5441384658136148,0.7857258867507065,57.1505911671377,4.77148874930608,False,True
1.949999999999998,29.35,58.008273641,3.3049442837328766,0.5441337574208523,0.7857245902677485,57.14972684516575,4.7723118769588,False,True
1.9666666666666646,29.344444444444445,58.008273641,3.305491097022369,0.5441290388148582,0.7857232878574401,57.14885857162672,4.773134950475633,False,True
1.9833333333333312,29.33888888888889,58.008273641,3.3060378276912603,0.544124309994758,0.78572197952188,57.14798634792003,4.773957969958773,False,True
1.9999999999999978,29.333333333333336,58.008273641,3.3065844757769884,0.5441195709596752,0.7857206652631661,57.14711017544404,4.774780935510394,False,True
2.0166666666666644,29.32777777777778,58.008273641,3.307131041316964,0.5441148217087293,0.7857193450833942,57.14623005559615,4.775603847232675,False,True
2.033333333333331,29.322222222222223,58.008273641,3.307677524348571,0.5441100622410352,0.7857180189846591,57.14534598977276,4.7764267052277996,False,True
2.0499999999999976,29.316666666666666,58.008273641,3.3082239249091643,0.5441052925557051,0.7857166869690538,57.144457979369264,4.7772495095979455,False,True
2.066666666666664,29.311111111111114,58.008273641,3.3087702430360686,0.5441005126518471,0.7857153490386701,57.14356602578008,4.778072260445286,False,True
2.083333333333331,29.305555555555557,58.008273641,3.3093164787665836,0.5440957225285656,0.7857140051955979,57.142670130398606,4.778894957872,False,True
2.0999999999999974,29.3,58.008273641,3.309862632137979,0.5440909221849621,0.7857126554419259,57.1417702946173,4.779717601980257,False,True
2.116666666666664,29.294444444444444,58.008273641,3.310408703187497,0.5440861116201335,0.7857112997797413,57.14086651982755,4.780540192872232,False,True
2.1333333333333306,29.28888888888889,58.008273641,3.310954691952351,0.5440812908331735,0.7857099382111297,57.13995880741982,4.7813627306500965,False,True
2.1499999999999972,29.283333333333335,58.008273641,3.3115005984697277,0.5440764598231718,0.7857085707381753,57.13904715878358,4.782185215416024,False,True
2.166666666666664,29.27777777777778,58.008273641,3.312046422776784,0.5440716185892155,0.7857071973629609,57.13813157530727,4.783007647272174,False,True
2.1833333333333305,29.272222222222222,58.008273641,3.312592164910652,0.5440667671303864,0.7857058180875676,57.137212058378395,4.783830026320729,False,True
2.199999999999997,29.26666666666667,58.008273641,3.3131378249084316,0.5440619054457642,0.7857044329140751,57.136288609383435,4.784652352663848,False,True
2.2166666666666637,29.261111111111113,58.008273641,3.3136834028071975,0.5440570335344241,0.7857030418445619,57.135361229707904,4.7854746264037,False,True
2.2333333333333303,29.255555555555556,58.008273641,3.314228898643997,0.5440521513954375,0.7857016448811045,57.13442992073633,4.786296847642458,False,True
2.249999999999997,29.25,58.008273641,3.3147743124558473,0.5440472590278733,0.7857002420257784,57.13349468385226,4.787119016482278,False,True
2.2666666666666635,29.244444444444447,58.008273641,3.315319644279739,0.5440423564307955,0.7856988332806574,57.13255552043825,4.787941133025333,False,True
2.28333333333333,29.23888888888889,58.008273641,3.3158648941526354,0.5440374436032647,0.7856974186478138,57.1316124318759,4.788763197373789,False,True
2.2999999999999967,29.233333333333334,58.008273641,3.3164100621114723,0.5440325205443386,0.7856959981293187,57.130665419545814,4.789585209629808,False,True
2.3166666666666633,29.227777777777778,58.008273641,3.316955148193155,0.5440275872530702,0.7856945717272413,57.12971448482759,4.790407169895559,False,True
2.33333333333333,29.222222222222225,58.008273641,3.317500152434565,0.5440226437285098,0.7856931394436498,57.12875962909989,4.791229078273204,False,True
2.3499999999999965,29.21666666666667,58.008273641,3.318045074872553,0.5440176899697036,0.7856917012806106,57.12780085374041,4.792050934864911,False,True
2.366666666666663,29.211111111111112,58.008273641,3.318589915543943,0.5440127259756942,0.7856902572401887,57.1268381601258,4.79287273977284,False,True
2.3833333333333298,29.205555555555556,58.008273641,3.3191346744855337,0.5440077517455207,0.7856888073244477,57.125871549631825,4.793694493099161,False,True
2.3999999999999964,29.200000000000003,58.008273641,3.3196793517340915,0.5440027672782183,0.7856873515354498,57.124901023633214,4.794516194946036,False,True
2.416666666666663,29.194444444444446,58.008273641,3.3202239473263595,0.5439977725728186,0.7856858898752556,57.123926583503746,4.795337845415635,False,True
2.4333333333333296,29.18888888888889,58.008273641,3.3207684612990516,0.5439927676283498,0.7856844223459243,57.12294823061623,4.7961594446101214,False,True
2.449999999999996,29.183333333333334,58.008273641,3.3213128936888534,0.5439877524438363,0.7856829489495137,57.12196596634248,4.796980992631663,False,True
2.466666666666663,29.17777777777778,58.008273641,3.321857244532424,0.5439827270182996,0.7856814696880801,57.120979792053376,4.797802489582418,False,True
2.4833333333333294,29.172222222222224,58.008273641,3.3224015138663967,0.5439776913507554,0.7856799845636783,57.11998970911883,4.798623935564573,False,True
2.499999999999996,29.166666666666668,58.008273641,3.3229457017273734,0.5439726454402185,0.7856784935783616,57.11899571890775,4.7994453306802765,False,True
2.5166666666666626,29.16111111111111,58.008273641,3.323489808151931,0.5439675892856987,0.7856769967341821,57.117997822788084,4.800266675031704,False,True
2.533333333333329,29.15555555555556,58.008273641,3.3240338331766197,0.5439625228862015,0.7856754940331903,57.11699602212686,4.8010879687210295,False,True
2.549999999999996,29.150000000000002,58.008273641,3.324577776837962,0.5439574462407302,0.7856739854774352,57.1159903182901,4.801909211850422,False,True
2.5666666666666624,29.144444444444446,58.008273641,3.325121639172452,0.5439523593482833,0.7856724710689643,57.11498071264289,4.802730404522052,False,True
2.583333333333329,29.13888888888889,58.008273641,3.3256654202165565,0.5439472622078569,0.785670950809824,57.1139672065493,4.803551546838089,False,True
2.5999999999999956,29.133333333333336,58.008273641,3.3262091200067165,0.543942154818442,0.7856694247020587,57.1129498013725,4.804372638900712,False,True
2.6166666666666623,29.12777777777778,58.008273641,3.3267527385793447,0.5439370371790272,0.785667892747712,57.11192849847466,4.805193680812092,False,True
2.633333333333329,29.122222222222224,58.008273641,3.327296275970827,0.5439319092885968,0.7856663549488255,57.11090329921703,4.806014672674408,False,True
2.6499999999999955,29.116666666666667,58.008273641,3.3278397322175217,0.5439267711461315,0.7856648113074397,57.109874204959844,4.806835614589835,False,True
2.666666666666662,29.111111111111114,58.008273641,3.3283831073557613,0.543921622750609,0.7856632618255937,57.10884121706242,4.807656506660554,False,True
2.6833333333333287,29.105555555555558,58.008273641,3.328926401421849,0.5439164641010023,0.7856617065053246,57.10780433688313,4.808477348988745,False,True
2.6999999999999953,29.1,58.008273641,3.3294696144520626,0.5439112951962819,0.785660145348669,57.10676356577933,4.809298141676588,False,True
2.716666666666662,29.094444444444445,58.008273641,3.330012746482653,0.543906116035414,0.7856585783576613,57.10571890510751,4.810118884826268,False,True
2.7333333333333285,29.088888888888892,58.008273641,3.330555797549842,0.5439009266173611,0.7856570055343347,57.10467035622312,4.810939578539971,False,True
2.749999999999995,29.083333333333336,58.008273641,3.331098767689828,0.5438957269410825,0.785655426880721,57.1036179204807,4.811760222919885,False,True
2.7666666666666617,29.07777777777778,58.008273641,3.331641656938779,0.5438905170055336,0.7856538423988507,57.10256159923386,4.812580818068197,False,True
2.7833333333333283,29.072222222222223,58.008273641,3.3321844653328365,0.5438852968096662,0.7856522520907528,57.10150139383522,4.813401364087099,False,True
2.799999999999995,29.06666666666667,58.008273641,3.3327271929081173,0.5438800663524287,0.7856506559584546,57.10043730563643,4.814221861078783,False,True
2.8166666666666615,29.061111111111114,58.008273641,3.3332698397007103,0.5438748256327653,0.7856490540039824,57.09936933598829,4.81504230914545,False,True
2.833333333333328,29.055555555555557,58.008273641,3.3338124057466763,0.5438695746496175,0.7856474462293608,57.09829748624051,4.8158627083892895,False,True
2.8499999999999948,29.05,58.008273641,3.33435489108205,0.5438643134019223,0.7856458326366129,57.09722175774198,4.816683058912504,False,True
2.8666666666666614,29.044444444444448,58.008273641,3.3348972957428398,0.5438590418886137,0.7856442132277608,57.09614215184055,4.8175033608172955,False,True
2.883333333333328,29.03888888888889,58.008273641,3.3354396197650282,0.5438537601086215,0.7856425880048248,57.095058669883215,4.8183236142058705,False,True
2.8999999999999946,29.033333333333335,58.008273641,3.3359818631845686,0.5438484680608725,0.785640956969824,57.09397131321596,4.819143819180432,False,True
2.916666666666661,29.02777777777778,58.008273641,3.3365240260373894,0.5438431657442894,0.7856393201247758,57.092880083183836,4.819963975843194,False,True
2.933333333333328,29.022222222222226,58.008273641,3.337066108359391,0.5438378531577913,0.7856376774716964,57.09178498113098,4.820784084296365,False,True
2.9499999999999944,29.01666666666667,58.008273641,3.3376081101864488,0.5438325303002942,0.7856360290126008,57.09068600840052,4.821604144642161,False,True
2.966666666666661,29.011111111111113,58.008273641,3.3381500315544117,0.5438271971707098,0.785634374749502,57.08958316633475,4.822424156982803,False,True
2.9833333333333276,29.005555555555556,58.008273641,3.3386918724990986,0.5438218537679463,0.7856327146844124,57.08847645627495,4.823244121420509,False,True
2.9999999999999942,29.000000000000004,58.008273641,3.3392336330563057,0.5438165000909094,0.7856310488193422,57.08736587956146,4.8240640380574975,False,True
3.016666666666661,28.994444444444447,58.008273641,3.3397753132618018,0.5438111361384993,0.7856293771563005,57.08625143753371,4.8248839069960034,False,True
3.0333333333333274,28.98888888888889,58.008273641,3.340316913151327,0.5438057619096137,0.7856276996972953,57.08513313153022,4.825703728338253,False,True
3.049999999999994,28.983333333333334,58.008273641,3.340858432760598,0.5438003774031469,0.7856260164443327,57.08401096288848,4.826523502186478,False,True
3.0666666666666607,28.97777777777778,58.008273641,3.341399872125303,0.5437949826179891,0.7856243273994177,57.08288493294512,4.827343228642915,False,True
3.0833333333333273,28.972222222222225,58.008273641,3.3419412312811043,0.5437895775530268,0.7856226325645538,57.081755043035855,4.828162907809806,False,True
3.099999999999994,28.96666666666667,58.008273641,3.3424825102636384,0.5437841622071431,0.7856209319417431,57.080621294495415,4.828982539789392,False,True
3.1166666666666605,28.961111111111112,58.008273641,3.343023709108513,0.5437787365792176,0.7856192255329864,57.079483688657604,4.829802124683917,False,True
3.133333333333327,28.955555555555556,58.008273641,3.3435648278513135,0.5437733006681263,0.785617513340283,57.07834222685532,4.830621662595634,False,True
3.1499999999999937,28.950000000000003,58.008273641,3.344105866527596,0.543767854472741,0.7856157953656308,57.077196910420504,4.831441153626798,False,True
3.1666666666666603,28.944444444444446,58.008273641,3.34464682517289,0.5437623979919307,0.7856140716110263,57.0760477406842,4.832260597879664,False,True
3.183333333333327,28.93888888888889,58.008273641,3.345187703822701,0.5437569312245599,0.7856123420784648,57.0748947189765,4.833079995456496,False,True
3.1999999999999935,28.933333333333337,58.008273641,3.345728502512507,0.543751454169491,0.7856106067699398,57.07373784662656,4.8338993464595506,False,True
3.21666666666666,28.92777777777778,58.008273641,3.3462692212777596,0.5437459668255807,0.785608865687444,57.07257712496266,4.834718650991108,False,True
3.2333333333333267,28.922222222222224,58.008273641,3.3468098601538845,0.5437404691916837,0.7856071188329682,57.07141255531211,4.835537909153436,False,True
3.2499999999999933,28.916666666666668,58.008273641,3.3473504191762804,0.5437349612666507,0.7856053662085019,57.07024413900128,4.836357121048808,False,True
3.26666666666666,28.911111111111115,58.008273641,3.347890898380322,0.5437294430493281,0.7856036078160334,57.06907187735566,4.837176286779514,False,True
3.2833333333333266,28.90555555555556,58.008273641,3.3484312978013553,0.5437239145385598,0.7856018436575497,57.0678957716998,4.837995406447833,False,True
3.299999999999993,28.900000000000002,58.008273641,3.348971617474702,0.5437183757331853,0.785600073735036,57.06671582335735,4.838814480156058,False,True
3.3166666666666598,28.894444444444446,58.008273641,3.3495118574356577,0.5437128266320407,0.7855982980504764,57.06553203365098,4.839633508006481,False,True
3.3333333333333264,28.888888888888893,58.008273641,3.350052017719491,0.5437072672339587,0.7855965166058537,57.06434440390248,4.840452490101402,False,True
3.349999999999993,28.883333333333336,58.008273641,3.3505920983614446,0.5437016975377675,0.7855947294031491,57.06315293543278,4.841271426543129,False,True
3.3666666666666596,28.87777777777778,58.008273641,3.351132099396736,0.5436961175422939,0.7855929364443426,57.061957629561746,4.842090317433958,False,True
3.383333333333326,28.872222222222224,58.008273641,3.351672020860556,0.5436905272463578,0.7855911377314126,57.060758487608474,4.842909162876216,False,True
3.399999999999993,28.86666666666667,58.008273641,3.352211862788071,0.5436849266487788,0.7855893332663365,57.05955551089104,4.84372796297221,False,True
3.4166666666666594,28.861111111111114,58.008273641,3.3527516252144185,0.5436793157483704,0.78558752305109,57.05834870072668,4.844546717824269,False,True
3.433333333333326,28.855555555555558,58.008273641,3.3532913081747133,0.5436736945439435,0.7855857070876475,57.0571380584317,4.845365427534718,False,True
3.4499999999999926,28.85,58.008273641,3.3538309117040432,0.5436680630343058,0.7855838853779821,57.05592358532141,4.84618409220589,False,True
3.4666666666666592,28.84444444444445,58.008273641,3.3543704358374686,0.5436624212182608,0.7855820579240655,57.05470528271035,4.847002711940123,False,True
3.483333333333326,28.838888888888892,58.008273641,3.354909880610027,0.5436567690946087,0.785580224727868,57.05348315191202,4.847821286839756,False,True
3.4999999999999925,28.833333333333336,58.008273641,3.3554492460567285,0.5436511066621456,0.7855783857913586,57.05225719423909,4.848639817007143,False,True
3.516666666666659,28.82777777777778,58.008273641,3.355988532212556,0.5436454339196645,0.7855765411165049,57.051027411003275,4.849458302544632,False,True
3.5333333333333257,28.822222222222226,58.008273641,3.35652773911247,0.5436397508659548,0.7855746907052731,57.04979380351541,4.850276743554583,False,True
3.5499999999999923,28.81666666666667,58.008273641,3.3570668667914036,0.5436340574998019,0.7855728345596281,57.048556373085425,4.851095140139364,False,True
3.566666666666659,28.811111111111114,58.008273641,3.357605915284264,0.5436283538199881,0.7855709726815334,57.047315121022294,4.85191349240134,False,True
3.5833333333333255,28.805555555555557,58.008273641,3.3581448846259327,0.5436226398252914,0.7855691050729512,57.04607004863416,4.85273180044289,False,True
3.599999999999992,28.800000000000004,58.008273641,3.3586837748512655,0.5436169155144868,0.7855672317358423,57.0448211572282,4.853550064366393,False,True
3.6166666666666587,28.794444444444448,58.008273641,3.359222585995095,0.5436111808863455,0.7855653526721661,57.04356844811072,4.85436828427424,False,True
3.6333333333333253,28.78888888888889,58.008273641,3.359761318092224,0.5436054359396352,0.7855634678838807,57.04231192258709,4.855186460268818,False,True
3.649999999999992,28.783333333333335,58.008273641,3.3602999711774344,0.5435996806731203,0.7855615773729427,57.041051581961824,4.8560045924525275,False,True
3.6666666666666585,28.77777777777778,58.008273641,3.3608385452854783,0.5435939150855603,0.7855596811413077,57.03978742753849,4.856822680927776,False,True
3.683333333333325,28.772222222222226,58.008273641,3.361377040451085,0.5435881391757127,0.7855577791909296,57.038519460619796,4.857640725796971,False,True
3.6999999999999917,28.76666666666667,58.008273641,3.3619154567089584,0.5435823529423305,0.7855558715237613,57.03724768250752,4.8584587271625335,False,True
3.7166666666666583,28.761111111111113,58.008273641,3.362453794093776,0.5435765563841634,0.7855539581417538,57.035972094502554,4.859276685126883,False,True
3.733333333333325,28.75555555555556,58.008273641,3.3629920526401897,0.5435707494999571,0.7855520390468573,57.03469269790487,4.860094599792452,False,True
3.7499999999999916,28.750000000000004,58.008273641,3.3635302323828267,0.5435649322884545,0.7855501142410204,57.0334094940136,4.860912471261673,False,True
3.766666666666658,28.744444444444447,58.008273641,3.3640683333562897,0.5435591047483939,0.7855481837261904,57.032122484126916,4.861730299636995,False,True
3.7833333333333248,28.73888888888889,58.008273641,3.364606355595153,0.5435532668785108,0.7855462475043131,57.03083166954212,4.86254808502086,False,True
3.7999999999999914,28.733333333333338,58.008273641,3.3651442991339695,0.5435474186775365,0.7855443055773335,57.029537051555636,4.8633658275157305,False,True
3.816666666666658,28.72777777777778,58.008273641,3.3656821640072643,0.5435415601441993,0.7855423579471944,57.02823863146297,4.864183527224065,False,True
3.8333333333333246,28.722222222222225,58.008273641,3.3662199502495374,0.5435356912772239,0.7855404046158381,57.02693641055874,4.865001184248328,False,True
3.849999999999991,28.71666666666667,58.008273641,3.366757657895266,0.5435298120753302,0.785538445585205,57.0256303901367,4.865818798691008,False,True
3.866666666666658,28.711111111111116,58.008273641,3.3672952869788983,0.5435239225372365,0.7855364808572345,57.024320571489675,4.866636370654576,False,True
3.8833333333333244,28.70555555555556,58.008273641,3.3678328375348596,0.5435180226616556,0.7855345104338644,57.02300695590961,4.867453900241527,False,True
3.899999999999991,28.700000000000003,58.008273641,3.3683703095975517,0.5435121124472972,0.7855325343170314,57.02168954468759,4.868271387554366,False,True
3.9166666666666576,28.694444444444446,58.008273641,3.368907703201347,0.543506191892869,0.7855305525086707,57.02036833911377,4.869088832695583,False,True
3.9333333333333242,28.68888888888889,58.008273641,3.3694450183805973,0.5435002609970725,0.7855285650107161,57.01904334047745,4.869906235767702,False,True
3.949999999999991,28.683333333333337,58.008273641,3.369982255169625,0.543494319758608,0.7855265718251006,57.01771455006702,4.870723596873231,False,True
3.9666666666666575,28.67777777777778,58.008273641,3.370519413602731,0.5434883681761702,0.785524572953755,57.016381969170006,4.8715409161147045,False,True
3.983333333333324,28.672222222222224,58.008273641,3.3710564937141902,0.5434824062484519,0.7855225683986096,57.01504559907302,4.8723581935946525,False,True
3.9999999999999907,28.66666666666667,58.008273641,3.3715934955382516,0.543476433974141,0.7855205581615927,57.01370544106184,4.873175429415617,False,True
4.016666666666658,28.661111111111115,58.008273641,3.3721304191091397,0.5434704513519224,0.7855185422446319,57.01236149642131,4.87399262368015,False,True
4.033333333333324,28.65555555555556,58.008273641,3.3726672644610556,0.5434644583804776,0.7855165206496532,57.011013766435426,4.874809776490804,False,True
4.049999999999991,28.650000000000002,58.008273641,3.3732040316281724,0.5434584550584838,0.7855144933785809,57.00966225238729,4.875626887950148,False,True
4.0666666666666575,28.644444444444446,58.008273641,3.3737407206446415,0.5434524413846151,0.7855124604333387,57.00830695555912,4.8764439581607535,False,True
4.083333333333324,28.638888888888893,58.008273641,3.3742773315445866,0.5434464173575426,0.7855104218158483,57.006947877232236,4.877260987225195,False,True
4.099999999999991,28.633333333333336,58.008273641,3.374813864362109,0.5434403829759324,0.7855083775280307,57.00558501868716,4.878077975246067,False,True
4.116666666666657,28.62777777777778,58.008273641,3.375350319131284,0.543434338238448,0.785506327571805,57.00421838120342,4.878894922325966,False,True
4.133333333333324,28.622222222222227,58.008273641,3.3758866958861615,0.5434282831437494,0.7855042719490896,57.00284796605975,4.87971182856749,False,True
4.149999999999991,28.61666666666667,58.008273641,3.376422994660769,0.5434222176904919,0.7855022106618009,57.001473774533984,4.880528694073262,False,True
4.166666666666657,28.611111111111114,58.008273641,3.376959215489107,0.5434161418773286,0.7855001437118546,57.00009580790311,4.8813455189458965,False,True
4.183333333333324,28.605555555555558,58.008273641,3.3774953584051515,0.5434100557029085,0.7854980711011647,56.998714067443146,4.882162303288021,False,True
4.19999999999999,28.6,58.008273641,3.3780314234428546,0.5434039591658759,0.7854959928316441,56.99732855442938,4.882979047202283,False,True
4.216666666666657,28.59444444444445,58.008273641,3.3785674106361436,0.5433978522648738,0.7854939089052041,56.995939270136105,4.883795750791317,False,True
4.233333333333324,28.588888888888892,58.008273641,3.3791033200189213,0.5433917349985393,0.7854918193237552,56.99454621583682,4.884612414157788,False,True
4.24999999999999,28.583333333333336,58.008273641,3.379639151625065,0.5433856073655072,0.7854897240892061,56.9931493928041,4.885429037404355,False,True
4.266666666666657,28.577777777777783,58.008273641,3.380174905488429,0.5433794693644084,0.7854876232034645,56.99174880230969,4.886245620633695,False,True
4.2833333333333234,28.572222222222226,58.008273641,3.3807105816428416,0.5433733209938704,0.7854855166684367,56.990344445624444,4.887062163948484,False,True
4.29999999999999,28.56666666666667,58.008273641,3.3812461801221074,0.5433671622525168,0.7854834044860275,56.988936324018354,4.887878667451415,False,True
4.316666666666657,28.561111111111114,58.008273641,3.3817817009600057,0.5433609931389677,0.7854812866581408,56.987524438760516,4.888695131245187,False,True
4.333333333333323,28.555555555555557,58.008273641,3.382317144190293,0.5433548136518395,0.7854791631866789,56.98610879111925,4.889511555432513,False,True
4.34999999999999,28.550000000000004,58.008273641,3.382852509846698,0.5433486237897452,0.7854770340735429,56.9846893823619,4.890327940116104,False,True
4.3666666666666565,28.544444444444448,58.008273641,3.383387797962929,0.5433424235512943,0.7854748993206325,56.98326621375504,4.891144285398691,False,True
4.383333333333323,28.53888888888889,58.008273641,3.3839230085726677,0.5433362129350924,0.7854727589298464,56.98183928656428,4.89196059138301,False,True
4.39999999999999,28.53333333333334,58.008273641,3.384458141709571,0.5433299919397416,0.7854706129030817,56.980408602054474,4.892776858171806,False,True
4.416666666666656,28.527777777777782,58.008273641,3.3849931974072733,0.5433237605638406,0.7854684612422342,56.97897416148954,4.893593085867836,False,True
4.433333333333323,28.522222222222226,58.008273641,3.3855281756993834,0.5433175188059844,0.7854663039491988,56.97753596613252,4.894409274573861,False,True
4.4499999999999895,28.51666666666667,58.008273641,3.386063076619485,0.5433112666647644,0.7854641410258685,56.97609401724571,4.895225424392657,False,True
4.466666666666656,28.511111111111113,58.008273641,3.3865979002011395,0.5433050041387679,0.7854619724741356,56.974648316090416,4.896041535427013,False,True
4.483333333333323,28.50555555555556,58.008273641,3.3871326464778826,0.5432987312265798,0.7854597982958907,56.97319886392715,4.896857607779715,False,True
4.499999999999989,28.500000000000004,58.008273641,3.3876673154832266,0.5432924479267806,0.7854576184930233,56.97174566201555,4.8976736415535695,False,True
4.516666666666656,28.494444444444447,58.008273641,3.388201907250659,0.5432861542379466,0.7854554330674216,56.97028871161444,4.898489636851396,False,True
4.533333333333323,28.488888888888894,58.008273641,3.388736421813643,0.543279850158652,0.7854532420209726,56.9688280139817,4.899305593776009,False,True
4.549999999999989,28.483333333333338,58.008273641,3.3892708592056184,0.5432735356874663,0.7854510453555617,56.96736357037443,4.900121512430248,False,True
4.566666666666656,28.47777777777778,58.008273641,3.3898052194600004,0.5432672108229559,0.7854488430730733,56.965895382048835,4.900937392916953,False,True
4.583333333333322,28.472222222222225,58.008273641,3.3903395026101806,0.5432608755636834,0.7854466351753904,56.96442345026029,4.901753235338981,False,True
4.599999999999989,28.46666666666667,58.008273641,3.390873708689525,0.5432545299082076,0.785444421664395,56.96294777626335,4.902569039799198,False,True
4.616666666666656,28.461111111111116,58.008273641,3.3914078377313768,0.5432481738550841,0.7854422025419674,56.96146836131163,4.903384806400476,False,True
4.633333333333322,28.45555555555556,58.008273641,3.3919418897690563,0.543241807402865,0.7854399778099869,56.95998520665791,4.904200535245701,False,True
4.649999999999989,28.450000000000003,58.008273641,3.3924758648358564,0.5432354305500982,0.7854377474703313,56.95849831355425,4.90501622643777,False,True
4.666666666666655,28.44444444444445,58.008273641,3.393009762965049,0.5432290432953287,0.7854355115248774,56.95700768325168,4.905831880079584,False,True
4.683333333333322,28.438888888888894,58.008273641,3.3935435841898824,0.5432226456370975,0.7854332699755007,56.955513317000495,4.9066474962740685,False,True
4.699999999999989,28.433333333333337,58.008273641,3.394077328543578,0.5432162375739422,0.7854310228240752,56.95401521605012,4.907463075124146,False,True
4.716666666666655,28.42777777777778,58.008273641,3.394610996059335,0.5432098191043965,0.7854287700724736,56.952513381649084,4.908278616732757,False,True
4.733333333333322,28.422222222222224,58.008273641,3.3951445867703294,0.5432033902269907,0.7854265117225677,56.95100781504515,4.909094121202851,False,True
4.7499999999999885,28.41666666666667,58.008273641,3.3956781007097123,0.5431969509402518,0.7854242477762278,56.94949851748519,4.909909588637389,False,True
4.766666666666655,28.411111111111115,58.008273641,3.3962115379106113,0.543190501242703,0.7854219782353228,56.9479854902152,4.91072501913934,False,True
4.783333333333322,28.40555555555556,58.008273641,3.3967448984061304,0.5431840411328631,0.7854197031017207,56.94646873448045,4.911540412811695,False,True
4.799999999999988,28.400000000000006,58.008273641,3.3972781822293485,0.5431775706092491,0.7854174223772878,56.944948251525204,4.912355769757437,False,True
4.816666666666655,28.39444444444445,58.008273641,3.3978113894133224,0.5431710896703728,0.7854151360638895,56.94342404259301,4.913171090079579,False,True
4.8333333333333215,28.388888888888893,58.008273641,3.3983445199910856,0.5431645983147431,0.7854128441633897,56.94189610892651,4.913986373881135,False,True
4.849999999999988,28.383333333333336,58.008273641,3.3988775739956454,0.5431580965408647,0.7854105466776513,56.94036445176756,4.9148016212651395,False,True
4.866666666666655,28.37777777777778,58.008273641,3.399410551459987,0.54315158434724,0.7854082436085357,56.93882907235712,4.915616832334624,False,True
4.883333333333321,28.372222222222227,58.008273641,3.3999434524170717,0.5431450617323665,0.785405934957903,56.93728997193534,4.916432007192643,False,True
4.899999999999988,28.36666666666667,58.008273641,3.400476276899838,0.5431385286947389,0.7854036207276123,56.93574715174152,4.917247145942261,False,True
4.9166666666666545,28.361111111111114,58.008273641,3.4010090249412,0.5431319852328478,0.7854013009195212,56.93420061301416,4.918062248686553,False,True
4.933333333333321,28.35555555555556,58.008273641,3.4015416965740464,0.5431254313451807,0.7853989755354863,56.93265035699086,4.918877315528602,False,True
4.949999999999988,28.350000000000005,58.008273641,3.4020742918312457,0.5431188670302212,0.7853966445773626,56.93109638490843,4.919692346571508,False,True
4.966666666666654,28.34444444444445,58.008273641,3.402606810745641,0.5431122922864488,0.7853943080470043,56.929538698002865,4.920507341918388,False,True
4.983333333333321,28.338888888888892,58.008273641,3.403139253350051,0.5431057071123404,0.7853919659462639,56.92797729750927,4.921322301672359,False,True
4.999999999999988,28.333333333333336,58.008273641,3.403671619677273,0.5430991115063689,0.7853896182769929,56.92641218466194,4.922137225936558,False,True
5.016666666666654,28.327777777777783,58.008273641,3.40420390976008,0.5430925054670036,0.7853872650410415,56.92484336069437,4.92295211481413,False,True
5.033333333333321,28.322222222222226,58.008273641,3.4047361236312206,0.54308588899271,0.7853849062402587,56.92327082683916,4.923766968408236,False,True
5.049999999999987,28.31666666666667,58.008273641,3.405268261323421,0.5430792620819505,0.7853825418764921,56.92169458432812,4.924581786822049,False,True
5.066666666666654,28.311111111111117,58.008273641,3.405800322869384,0.5430726247331832,0.7853801719515884,56.92011463439226,4.925396570158752,False,True
5.083333333333321,28.30555555555556,58.008273641,3.4063323083017876,0.5430659769448635,0.7853777964673925,56.918530978261664,4.92621131852154,False,True
5.099999999999987,28.300000000000004,58.008273641,3.406864217653289,0.5430593187154421,0.7853754154257485,56.91694361716571,4.927026032013629,False,True
5.116666666666654,28.294444444444448,58.008273641,3.4073960509565198,0.5430526500433674,0.7853730288284992,56.91535255233286,4.927840710738234,False,True
5.13333333333332,28.28888888888889,58.008273641,3.407927808244089,0.5430459709270831,0.7853706366774862,56.91375778499081,4.928655354798595,False,True
5.149999999999987,28.28333333333334,58.008273641,3.4084594895485822,0.5430392813650298,0.7853682389745495,56.91215931636635,4.929469964297958,False,True
5.166666666666654,28.277777777777782,58.008273641,3.4089910949025626,0.5430325813556446,0.7853658357215283,56.91055714768552,4.930284539339583,False,True
5.18333333333332,28.272222222222226,58.008273641,3.4095226243385683,0.5430258708973607,0.7853634269202603,56.90895128017354,4.931099080026745,False,True
5.199999999999987,28.266666666666673,58.008273641,3.410054077889116,0.5430191499886082,0.7853610125725821,56.90734171505473,4.931913586462728,False,True
5.2166666666666535,28.261111111111116,58.008273641,3.410585455586699,0.5430124186278128,0.7853585926803289,56.90572845355265,4.932728058750837,False,True
5.23333333333332,28.25555555555556,58.008273641,3.4111167574637857,0.5430056768133975,0.7853561672453351,56.90411149689003,4.933542496994383,False,True
5.249999999999987,28.250000000000004,58.008273641,3.411647983552824,0.5429989245437813,0.7853537362694332,56.90249084628878,4.934356901296691,False,True
5.266666666666653,28.244444444444447,58.008273641,3.4121791338862355,0.5429921618173792,0.785351299754455,56.90086650296995,4.935171271761102,False,True
5.28333333333332,28.238888888888894,58.008273641,3.4127102084964216,0.5429853886326033,0.7853488577022307,56.899238468153854,4.935985608490971,False,True
5.2999999999999865,28.233333333333338,58.008273641,3.41324120741576,0.5429786049878623,0.7853464101145898,56.89760674305988,4.9367999115896595,False,True
5.316666666666653,28.22777777777778,58.008273641,3.4137721306766027,0.5429718108815594,0.78534395699336,56.895971328906725,4.9376141811605585,False,True
5.33333333333332,28.22222222222223,58.008273641,3.414302978311282,0.5429650063120974,0.7853414983403681,56.89433222691213,4.93842841730705,False,True
5.349999999999986,28.216666666666672,58.008273641,3.414833750352107,0.5429581912778726,0.7853390341574397,56.8926894382931,4.9392426201325526,False,True
5.366666666666653,28.211111111111116,58.008273641,3.41536444683136,0.5429513657772793,0.7853365644463988,56.89104296426587,4.94005678974048,False,True
5.3833333333333195,28.20555555555556,58.008273641,3.415895067781306,0.5429445298087077,0.7853340892090686,56.889392806045734,4.940870926234273,False,True
5.399999999999986,28.200000000000003,58.008273641,3.416425613234182,0.5429376833705443,0.7853316084472709,56.8877389648473,4.941685029717381,False,True
5.416666666666653,28.19444444444445,58.008273641,3.416956083222204,0.5429308264611724,0.7853291221628264,56.886081441884265,4.942499100293264,False,True
5.433333333333319,28.188888888888894,58.008273641,3.4174864777775666,0.5429239590789715,0.7853266303575543,56.88442023836959,4.943313138065403,False,True
5.449999999999986,28.183333333333337,58.008273641,3.4180167969324398,0.5429170812223171,0.785324133033273,56.88275535551537,4.944127143137295,False,True
5.466666666666653,28.177777777777784,58.008273641,3.41854704071897,0.5429101928895819,0.7853216301917993,56.88108679453292,4.944941115612439,False,True
5.483333333333319,28.172222222222228,58.008273641,3.419077209169283,0.5429032940791348,0.785319121834949,56.87941455663269,4.945755055594354,False,True
5.499999999999986,28.16666666666667,58.008273641,3.4196073023154807,0.5428963847893402,0.7853166079645366,56.87773864302444,4.9465689631865875,False,True
5.516666666666652,28.161111111111115,58.008273641,3.4201373201896414,0.5428894650185602,0.7853140885823755,56.876059054917015,4.947382838492679,False,True
5.533333333333319,28.15555555555556,58.008273641,3.4206672628238217,0.5428825347651526,0.7853115636902777,56.87437579351845,4.948196681616197,False,True
5.549999999999986,28.150000000000006,58.008273641,3.421197130250055,0.5428755940274715,0.7853090332900541,56.87268886003607,4.949010492660721,False,True
5.566666666666652,28.14444444444445,58.008273641,3.421726922500353,0.5428686428038683,0.7853064973835144,56.870998255676284,4.949824271729842,False,True
5.583333333333319,28.138888888888893,58.008273641,3.4222566396067022,0.5428616810926892,0.7853039559724672,56.86930398164477,4.950638018927172,False,True
5.599999999999985,28.13333333333334,58.008273641,3.422786281601069,0.5428547088922782,0.7853014090587196,56.86760603914638,4.951451734356337,False,True
5.616666666666652,28.127777777777784,58.008273641,3.4233158485153963,0.5428477262009755,0.7852988566440777,56.86590442938514,4.952265418120969,False,True
5.633333333333319,28.122222222222227,58.008273641,3.4238453403816034,0.5428407330171172,0.7852962987303465,56.86419915356431,4.953079070324727,False,True
5.649999999999985,28.11666666666667,58.008273641,3.4243747572315892,0.542833729339036,0.7852937353193294,56.86249021288632,4.953892691071282,False,True
5.666666666666652,28.111111111111114,58.008273641,3.4249040990972275,0.5428267151650613,0.7852911664128291,56.860777608552795,4.954706280464312,False,True
5.6833333333333185,28.10555555555556,58.008273641,3.425433366010371,0.542819690493519,0.7852885920126469,56.85906134176458,4.955519838607518,False,True
5.699999999999985,28.100000000000005,58.008273641,3.4259625580028494,0.5428126553227299,0.7852860121205826,56.85734141372175,4.956333365604622,False,True
5.716666666666652,28.09444444444445,58.008273641,3.4264916751064707,0.5428056096510133,0.7852834267384353,56.855617825623526,4.957146861559351,False,True
5.733333333333318,28.088888888888896,58.008273641,3.4270207173530185,0.542798553476684,0.7852808358680025,56.853890578668334,4.957960326575446,False,True
5.749999999999985,28.08333333333334,58.008273641,3.427549684774256,0.5427914867980532,0.7852782395110807,56.85215967405382,4.958773760756671,False,True
5.7666666666666515,28.077777777777783,58.008273641,3.428078577401923,0.542784409613428,0.7852756376694653,56.850425112976865,4.959587164206809,False,True
5.783333333333318,28.072222222222226,58.008273641,3.4286073952677367,0.5427773219211128,0.7852730303449502,56.848686896633474,4.960400537029648,False,True
5.799999999999985,28.06666666666667,58.008273641,3.429136138403392,0.5427702237194076,0.7852704175393284,56.846945026218954,4.961213879329,False,True
5.816666666666651,28.061111111111117,58.008273641,3.4296648068405617,0.5427631150066101,0.7852677992543916,56.84519950292773,4.962027191208684,False,True
5.833333333333318,28.05555555555556,58.008273641,3.430193400610896,0.5427559957810125,0.7852651754919302,56.843450327953505,4.96284047277255,False,True
5.8499999999999845,28.050000000000004,58.008273641,3.4307219197460235,0.5427488660409054,0.7852625462537336,56.8416975024891,4.963653724124445,False,True
5.866666666666651,28.04444444444445,58.008273641,3.4312503642775485,0.5427417257845737,0.78525991154159,56.83994102772667,4.964466945368252,False,True
5.883333333333318,28.038888888888895,58.008273641,3.4317787342370556,0.5427345750103006,0.7852572713572862,56.838180904857474,4.965280136607855,False,True
5.899999999999984,28.03333333333334,58.008273641,3.432307029656105,0.5427274137163649,0.785254625702608,56.836417135072004,4.966093297947158,False,True
5.916666666666651,28.027777777777782,58.008273641,3.4328352505662356,0.5427202419010414,0.78525197457934,56.834649719560005,4.966906429490091,False,True
5.933333333333318,28.022222222222226,58.008273641,3.4333633969989648,0.5427130595626022,0.7852493179892656,56.83287865951038,4.967719531340585,False,True
5.949999999999984,28.016666666666673,58.008273641,3.433891468985785,0.5427058666993148,0.7852466559341669,56.831103956111285,4.9685326036026,False,True
5.966666666666651,28.011111111111116,58.008273641,3.43441946655817,0.542698663309444,0.7852439884158251,56.82932561055004,4.969345646380105,False,True
5.983333333333317,28.00555555555556,58.008273641,3.43494738974757,0.5426914493912505,0.7852413154360198,56.827543624013224,4.970158659777091,False,True
5.999999999999984,28.000000000000007,58.008273641,3.435475238585411,0.5426842249429917,0.78523863699653,56.82575799768662,4.97097164389756,False,True
6.016666666666651,27.99444444444445,58.008273641,3.4360030131031003,0.542676989962921,0.7852359530991329,56.823968732755226,4.971784598845537,False,True
6.033333333333317,27.988888888888894,58.008273641,3.436530713332021,0.5426697444492887,0.7852332637456048,56.82217583040322,4.972597524725059,False,True
6.049999999999984,27.983333333333338,58.008273641,3.437058339303534,0.542662488400341,0.785230568937721,56.82037929181406,4.973410421640186,False,True
6.06666666666665,27.97777777777778,58.008273641,3.4375858910489807,0.5426552218143208,0.7852278686772556,56.81857911817036,4.974223289694991,False,True
6.083333333333317,27.97222222222223,58.008273641,3.4381133685996756,0.5426479446894673,0.785225162965981,56.81677531065401,4.975036128993559,False,True
6.099999999999984,27.966666666666672,58.008273641,3.4386407719869165,0.5426406570240161,0.7852224518056691,56.81496787044604,4.975848939640003,False,True
6.11666666666665,27.961111111111116,58.008273641,3.4391681012419757,0.5426333588161993,0.7852197351980902,56.81315679872681,4.976661721738447,False,True
6.133333333333317,27.955555555555563,58.008273641,3.4396953563961046,0.5426260500642455,0.7852170131450137,56.81134209667577,4.977474475393031,False,True
6.1499999999999835,27.950000000000006,58.008273641,3.440222537480533,0.5426187307663789,0.7852142856482076,56.809523765471724,4.9782872007079195,False,True
6.16666666666665,27.94444444444445,58.008273641,3.4407496445264685,0.5426114009208215,0.7852115527094389,56.80770180629258,4.979099897787286,False,True
6.183333333333317,27.938888888888894,58.008273641,3.4412766775650963,0.5426040605257906,0.7852088143304733,56.80587622031554,4.979912566735326,False,True
6.199999999999983,27.933333333333337,58.008273641,3.4418036366275815,0.5425967095794998,0.7852060705130754,56.80404700871699,4.980725207656258,False,True
6.21666666666665,27.927777777777784,58.008273641,3.4423305217450637,0.5425893480801602,0.7852033212590089,56.802214172672606,4.981537820654304,False,True
6.2333333333333165,27.922222222222228,58.008273641,3.4428573329486647,0.5425819760259785,0.7852005665700358,56.80037771335718,4.982350405833716,False,True
6.249999999999983,27.91666666666667,58.008273641,3.443384070269482,0.5425745934151571,0.7851978064479173,56.79853763194485,4.983162963298767,False,True
6.26666666666665,27.91111111111112,58.008273641,3.443910733738593,0.5425672002458968,0.7851950408944133,56.79669392960888,4.983975493153732,False,True
6.283333333333316,27.905555555555562,58.008273641,3.4444373233870507,0.5425597965163926,0.7851922699112828,56.79484660752182,4.984787995502921,False,True
6.299999999999983,27.900000000000006,58.008273641,3.4449638392458883,0.5425523822248374,0.7851894935002831,56.79299566685544,4.98560047045065,False,True
6.3166666666666496,27.89444444444445,58.008273641,3.445490281346119,0.5425449573694201,0.785186711663171,56.791141108780664,4.986412918101259,False,True
6.333333333333316,27.888888888888893,58.008273641,3.4460166497187297,0.542537521948325,0.7851839244017017,56.78928293446781,4.987225338559111,False,True
6.349999999999983,27.88333333333334,58.008273641,3.446542944394689,0.5425300759597352,0.7851811317176294,56.78742114508623,4.98803773192857,False,True
6.366666666666649,27.877777777777784,58.008273641,3.447069165404944,0.5425226194018274,0.785178333612707,56.78555574180467,4.988850098314042,False,True
6.383333333333316,27.872222222222227,58.008273641,3.4475953127804178,0.5425151522727762,0.7851755300886865,56.78368672579101,4.989662437819938,False,True
6.399999999999983,27.866666666666674,58.008273641,3.448121386552013,0.5425076745707528,0.7851727211473185,56.78181409821236,4.990474750550684,False,True
6.416666666666649,27.861111111111118,58.008273641,3.448647386750612,0.5425001862939239,0.7851699067903527,56.77993786023512,4.991287036610736,False,True
6.433333333333316,27.85555555555556,58.008273641,3.4491733134070732,0.5424926874404534,0.7851670870195374,56.778058013024925,4.992099296104558,False,True
6.449999999999982,27.850000000000005,58.008273641,3.4496991665522363,0.542485178008501,0.7851642618366198,56.776174557746565,4.992911529136643,False,True
6.466666666666649,27.84444444444445,58.008273641,3.4502249462169154,0.5424776579962232,0.7851614312433461,56.77428749556414,4.993723735811495,False,True
6.483333333333316,27.838888888888896,58.008273641,3.450750652431907,0.5424701274017726,0.7851585952414614,56.77239682764095,4.994535916233642,False,True
6.499999999999982,27.83333333333334,58.008273641,3.4512762852279844,0.5424625862232981,0.7851557538327093,56.77050255513956,4.995348070507629,False,True
6.516666666666649,27.827777777777783,58.008273641,3.451801844635899,0.5424550344589456,0.7851529070188326,56.768604679221745,4.9961601987380195,False,True
6.5333333333333155,27.82222222222223,58.008273641,3.452327330686382,0.5424474721068566,0.7851500548015727,56.76670320104853,4.9969723010294,False,True
6.549999999999982,27.816666666666674,58.008273641,3.4528527434101424,0.5424398991651699,0.7851471971826702,56.76479812178014,4.997784377486369,False,True
6.566666666666649,27.811111111111117,58.008273641,3.4533780828378675,0.5424323156320195,0.7851443341638642,56.762889442576125,4.998596428213553,False,True
6.583333333333315,27.80555555555556,58.008273641,3.4539033490002233,0.5424247215055371,0.7851414657468928,56.7609771645952,4.999408453315591,False,True
6.599999999999982,27.800000000000004,58.008273641,3.454428541927855,0.5424171167838496,0.785138591933493,56.75906128899536,5.000220452897147,False,True
6.6166666666666485,27.79444444444445,58.008273641,3.4549536616513854,0.5424095014650814,0.7851357127254006,56.75714181693379,5.001032427062899,False,True
6.633333333333315,27.788888888888895,58.008273641,3.4554787082014182,0.5424018755473523,0.7851328281243505,56.755218749566986,5.001844375917553,False,True
6.649999999999982,27.78333333333334,58.008273641,3.4560036816085336,0.5423942390287788,0.785129938132076,56.75329208805064,5.00265629956583,False,True
6.666666666666648,27.777777777777786,58.008273641,3.45652858190329,0.5423865919074746,0.7851270427503095,56.751361833539704,5.003468198112462,False,True
6.683333333333315,27.77222222222223,58.008273641,3.4570534091162273,0.5423789341815486,0.7851241419807825,56.74942798718837,5.004280071662217,False,True
6.6999999999999815,27.766666666666673,58.008273641,3.4575781632778617,0.5423712658491062,0.7851212358252251,56.747490550150104,5.005091920319879,False,True
6.716666666666648,27.761111111111116,58.008273641,3.4581028444186894,0.5423635869082503,0.7851183242853663,56.745549523577566,5.005903744190244,False,True
6.733333333333315,27.75555555555556,58.008273641,3.4586274525691842,0.5423558973570788,0.785115407362934,56.74360490862267,5.0067155433781325,False,True
6.749999999999981,27.750000000000007,58.008273641,3.4591519877598,0.5423481971936873,0.7851124850596549,56.74165670643663,5.007527317988386,False,True
6.766666666666648,27.74444444444445,58.008273641,3.4596764500209694,0.5423404864161664,0.7851095573772547,56.739704918169856,5.008339068125872,False,True
6.783333333333315,27.738888888888894,58.008273641,3.4602008393831034,0.5423327650226041,0.785106624317458,56.73774954497202,5.009150793895471,False,True
6.799999999999981,27.73333333333334,58.008273641,3.460725155876591,0.5423250330110849,0.7851036858819881,56.73579058799204,5.009962495402077,False,True
6.816666666666648,27.727777777777785,58.008273641,3.461249399531802,0.5423172903796888,0.7851007420725671,56.7338280483781,5.010774172750624,False,True
6.833333333333314,27.72222222222223,58.008273641,3.4617735703790835,0.5423095371264924,0.7850977928909164,56.731861927277635,5.011585826046055,False,True
6.849999999999981,27.716666666666672,58.008273641,3.4622976684487625,0.5423017732495695,0.7850948383387559,56.72989222583729,5.01239745539333,False,True
6.866666666666648,27.711111111111116,58.008273641,3.4628216937711453,0.5422939987469896,0.7850918784178045,56.727918945203015,5.013209060897437,False,True
6.883333333333314,27.705555555555563,58.008273641,3.463345646376515,0.5422862136168183,0.78508891312978,56.72594208652,5.014020642663386,False,True
6.899999999999981,27.700000000000006,58.008273641,3.4638695262951362,0.5422784178571183,0.785085942476399,56.72396165093265,5.014832200796202,False,True
6.916666666666647,27.69444444444445,58.008273641,3.4643933335572514,0.5422706114659485,0.785082966459377,56.721977639584665,5.015643735400932,False,True
6.933333333333314,27.688888888888897,58.008273641,3.4649170681930825,0.5422627944413636,0.7850799850804285,56.71999005361902,5.01645524658265,False,True
6.949999999999981,27.68333333333334,58.008273641,3.4654407302328294,0.5422549667814155,0.7850769983412668,56.71799889417785,5.017266734446444,False,True
6.966666666666647,27.677777777777784,58.008273641,3.4659643197066727,0.5422471284841518,0.785074006243604,56.71600416240267,5.01807819909743,False,True
6.983333333333314,27.672222222222228,58.008273641,3.466487836644771,0.5422392795476172,0.7850710087891513,56.71400585943416,5.018889640640738,False,True
6.9999999999999805,27.66666666666667,58.008273641,3.467011281077262,0.5422314199698518,0.7850680059796185,56.7120039864123,5.019701059181528,False,True
7.016666666666647,27.66111111111112,58.008273641,3.467534653034263,0.5422235497488926,0.7850649978167145,56.70999854447633,5.020512454824976,False,True
7.033333333333314,27.655555555555562,58.008273641,3.4680579525458697,0.5422156688827743,0.785061984302147,56.70798953476468,5.02132382767627,False,True
7.04999999999998,27.650000000000006,58.008273641,3.4685811796421593,0.5422077773695246,0.7850589654376228,56.705976958415185,5.022135177840653,False,True
7.066666666666647,27.644444444444453,58.008273641,3.4691043343531844,0.5421998752071713,0.7850559412248471,56.70396081656479,5.022946505423348,False,True
7.0833333333333135,27.638888888888896,58.008273641,3.46962741670898,0.5421919623937362,0.7850529116655247,56.70194111034979,5.0237578105296254,False,True
7.09999999999998,27.63333333333334,58.008273641,3.4701504267395595,0.5421840389272384,0.7850498767613585,56.69991784090571,5.024569093264773,False,True
7.116666666666647,27.627777777777784,58.008273641,3.4706733644749144,0.5421761048056934,0.7850468365140509,56.69789100936733,5.025380353734094,False,True
7.133333333333313,27.622222222222227,58.008273641,3.4711962299450163,0.5421681600271122,0.7850437909253031,56.69586061686873,5.026191592042927,False,True
7.14999999999998,27.616666666666674,58.008273641,3.4717190231798165,0.5421602045895035,0.7850407399968148,56.693826664543224,5.027002808296616,False,True
7.1666666666666465,27.611111111111118,58.008273641,3.4722417442092453,0.5421522384908715,0.785037683730285,56.69178915352339,5.02781400260054,False,True
7.183333333333313,27.60555555555556,58.008273641,3.4727643930632124,0.5421442617292169,0.7850346221274116,56.68974808494106,5.028625175060093,False,True
7.19999999999998,27.60000000000001,58.008273641,3.4732869697716064,0.5421362743025369,0.7850315551898911,56.6877034599274,5.0294363257807,False,True
7.216666666666646,27.594444444444452,58.008273641,3.4738094743642955,0.5421282762088251,0.7850284829194191,56.68565527961276,5.030247454867795,False,True
7.233333333333313,27.588888888888896,58.008273641,3.4743319068711283,0.5421202674460711,0.7850254053176902,56.68360354512677,5.031058562426852,False,True
7.24999999999998,27.58333333333334,58.008273641,3.4748542673219314,0.5421122480122613,0.7850223223863976,56.681548257598415,5.031869648563354,False,True
7.266666666666646,27.577777777777783,58.008273641,3.475376555746511,0.5421042179053784,0.7850192341272337,56.679489418155825,5.032680713382809,False,True
7.283333333333313,27.57222222222223,58.008273641,3.475898772174653,0.542096177123402,0.7850161405418896,56.677427027926456,5.033491756990745,False,True
7.299999999999979,27.566666666666674,58.008273641,3.476420916636123,0.5420881256643063,0.7850130416320555,56.67536108803708,5.03430277949273,False,True
7.316666666666646,27.561111111111117,58.008273641,3.4769429891606665,0.5420800635260636,0.7850099373994205,56.67329159961368,5.035113780994337,False,True
7.333333333333313,27.555555555555564,58.008273641,3.4774649897780088,0.542071990706642,0.7850068278456722,56.67121856378148,5.035924761601169,False,True
7.349999999999979,27.550000000000008,58.008273641,3.4779869185178516,0.5420639072040061,0.7850037129724976,56.669141981665106,5.0367357214188475,False,True
7.366666666666646,27.54444444444445,58.008273641,3.4785087754098805,0.5420558130161168,0.7850005927815824,56.66706185438829,5.037546660553022,False,True
7.383333333333312,27.538888888888895,58.008273641,3.479030560483759,0.5420477081409308,0.7849974672746112,56.66497818307417,5.038357579109368,False,True
7.399999999999979,27.53333333333334,58.008273641,3.4795522737691273,0.5420395925764022,0.7849943364532677,56.66289096884509,5.039168477193575,False,True
7.416666666666646,27.527777777777786,58.008273641,3.48007391529561,0.5420314663204806,0.7849912003192341,56.66080021282271,5.039979354911366,False,True
7.433333333333312,27.52222222222223,58.008273641,3.4805954850928083,0.5420233293711123,0.7849880588741919,56.658705916127914,5.0407902123684805,False,True
7.449999999999979,27.516666666666673,58.008273641,3.481116983190304,0.5420151817262404,0.7849849121198214,56.6566080798809,5.041601049670681,False,True
7.4666666666666455,27.51111111111112,58.008273641,3.4816384096176582,0.5420070233838035,0.7849817600578017,56.65450670520114,5.042411866923762,False,True
7.483333333333312,27.505555555555564,58.008273641,3.482159764404413,0.5419988543417372,0.784978602689811,56.652401793207375,5.043222664233531,False,True
7.499999999999979,27.500000000000007,58.008273641,3.4826810475800887,0.541990674597973,0.7849754400175264,56.650293345017644,5.044033441705833,False,True
7.516666666666645,27.49444444444445,58.008273641,3.4832022591741842,0.5419824841504391,0.7849722720426239,56.64818136174924,5.044844199446523,False,True
7.533333333333312,27.488888888888894,58.008273641,3.4837233992161822,0.5419742829970601,0.7849690987667781,56.64606584451872,5.045654937561488,False,True
7.5499999999999785,27.48333333333334,58.008273641,3.48424446773554,0.5419660711357569,0.784965920191663,56.64394679444198,5.046465656156632,False,True
7.566666666666645,27.477777777777785,58.008273641,3.4847654647617,0.5419578485644464,0.7849627363189512,56.64182421263414,5.047276355337895,False,True
7.583333333333312,27.47222222222223,58.008273641,3.4852863903240805,0.5419496152810424,0.7849595471503145,56.63969810020964,5.048087035211231,False,True
7.599999999999978,27.466666666666676,58.008273641,3.485807244452081,0.5419413712834548,0.7849563526874233,56.637568458282175,5.048897695882621,False,True
7.616666666666645,27.46111111111112,58.008273641,3.4863280271750807,0.5419331165695895,0.7849531529319471,56.635435287964754,5.049708337458074,False,True
7.6333333333333115,27.455555555555563,58.008273641,3.4868487385224394,0.5419248511373498,0.7849499478855544,56.6332985903696,5.050518960043617,False,True
7.649999999999978,27.450000000000006,58.008273641,3.487369378523495,0.5419165749846337,0.7849467375499125,56.63115836660834,5.051329563745312,False,True
7.666666666666645,27.44444444444445,58.008273641,3.4878899472075675,0.5419082881093374,0.7849435219266877,56.629014617791796,5.052140148669232,False,True
7.683333333333311,27.438888888888897,58.008273641,3.4884104446039546,0.5418999905093524,0.7849403010175451,56.62686734503005,5.052950714921481,False,True
7.699999999999978,27.43333333333334,58.008273641,3.488930870741937,0.5418916821825668,0.7849370748241489,56.62471654943256,5.053761262608194,False,True
7.716666666666645,27.427777777777784,58.008273641,3.4894512256507713,0.5418833631268645,0.7849338433481621,56.62256223210805,5.054571791835523,False,True
7.733333333333311,27.42222222222223,58.008273641,3.4899715093596977,0.5418750333401268,0.7849306065912467,56.62040439416444,5.0553823027096465,False,True
7.749999999999978,27.416666666666675,58.008273641,3.4904917218979343,0.5418666928202303,0.7849273645550636,56.618243036709096,5.056192795336772,False,True
7.766666666666644,27.41111111111112,58.008273641,3.49101186329468,0.5418583415650492,0.7849241172412728,56.6160781608485,5.057003269823122,False,True
7.783333333333311,27.405555555555562,58.008273641,3.4915319335791137,0.5418499795724523,0.7849208646515329,56.613909767688575,5.0578137262749605,False,True
7.799999999999978,27.400000000000006,58.008273641,3.4920519327803943,0.5418416068403067,0.7849176067875017,56.61173785833442,5.0586241647985615,False,True
7.816666666666644,27.394444444444453,58.008273641,3.49257186092766,0.5418332233664743,0.7849143436508357,56.6095624338905,5.059434585500231,False,True
7.833333333333311,27.388888888888896,58.008273641,3.493091718050032,0.5418248291488141,0.7849110752431908,56.60738349546055,5.060244988486305,False,True
7.849999999999977,27.38333333333334,58.008273641,3.493611504176607,0.5418164241851816,0.7849078015662213,56.60520104414757,5.061055373863133,False,True
7.866666666666644,27.377777777777787,58.008273641,3.4941312193364653,0.5418080084734282,0.7849045226215807,56.60301508105386,5.0618657417370985,False,True
7.883333333333311,27.37222222222223,58.008273641,3.4946508635586664,0.5417995820114014,0.7849012384109216,56.600825607281116,5.062676092214615,False,True
7.899999999999977,27.366666666666674,58.008273641,3.4951704368722503,0.5417911447969457,0.7848979489358952,56.59863262393014,5.063486425402115,False,True
7.916666666666644,27.361111111111118,58.008273641,3.4956899393062364,0.5417826968279021,0.7848946541981517,56.59643613210118,5.064296741406049,False,True
7.9333333333333105,27.35555555555556,58.008273641,3.4962093708896247,0.5417742381021068,0.7848913541993405,56.59423613289371,5.065107040332915,False,True
7.949999999999977,27.35000000000001,58.008273641,3.496728731651395,0.5417657686173935,0.7848880489411099,56.59203262740656,5.065917322289216,False,True
7.966666666666644,27.344444444444452,58.008273641,3.4972480216205084,0.5417572883715918,0.7848847384251066,56.58982561673776,5.066727587381492,False,True
7.98333333333331,27.338888888888896,58.008273641,3.497767240825906,0.5417487973625276,0.7848814226529771,56.587615101984746,5.0675378357163074,False,True
7.999999999999977,27.333333333333343,58.008273641,3.4982863892965077,0.5417402955880234,0.7848781016263662,56.58540108424416,5.068348067400248,False,True
8.016666666666644,27.327777777777786,58.008273641,3.4988054670612163,0.5417317830458973,0.784874775346918,56.583183564612014,5.069158282539941,False,True
8.033333333333312,27.32222222222223,58.008273641,3.4993244741489127,0.5417232597339652,0.7848714438162754,56.58096254418356,5.069968481242016,False,True
8.04999999999998,27.316666666666674,58.008273641,3.4998434105884586,0.5417147256500373,0.7848681070360801,56.57873802405341,5.070778663613153,False,True
8.066666666666647,27.311111111111117,58.008273641,3.5003622764086972,0.5417061807919222,0.7848647650079731,56.57651000531543,5.071588829760041,False,True
8.083333333333314,27.30555555555556,58.008273641,3.5008810716384504,0.5416976251574236,0.7848614177335942,56.57427848906279,5.072398979789404,False,True
8.099999999999982,27.300000000000004,58.008273641,3.5013997963065226,0.5416890587443417,0.784858065214582,56.572043476388004,5.073209113807995,False,True
8.11666666666665,27.29444444444445,58.008273641,3.501918450441696,0.5416804815504733,0.7848547074525742,56.56980496838284,5.074019231922586,False,True
8.133333333333317,27.288888888888895,58.008273641,3.5024370340727353,0.5416718935736115,0.7848513444492076,56.56756296613841,5.074829334239983,False,True
8.149999999999984,27.28333333333334,58.008273641,3.5029555472283858,0.541663294811545,0.7848479762061176,56.56531747074509,5.075639420867019,False,True
8.166666666666652,27.277777777777782,58.008273641,3.5034739899373712,0.5416546852620604,0.7848446027249388,56.56306848329259,5.076449491910545,False,True
8.18333333333332,27.272222222222226,58.008273641,3.5039923622283977,0.5416460649229391,0.7848412240073048,56.56081600486992,5.07725954747745,False,True
8.199999999999987,27.266666666666673,58.008273641,3.5045106641301498,0.5416374337919602,0.784837840054848,56.55856003656537,5.078069587674637,False,True
8.216666666666654,27.261111111111116,58.008273641,3.505028895671296,0.5416287918668974,0.7848344508691999,56.55630057946658,5.078879612609058,False,True
8.233333333333322,27.25555555555556,58.008273641,3.5055470568804825,0.5416201391455224,0.7848310564519907,56.55403763466046,5.0796896223876695,False,True
8.24999999999999,27.250000000000004,58.008273641,3.5060651477863365,0.5416114756256023,0.7848276568048499,56.55177120323327,5.08049961711747,False,True
8.266666666666657,27.244444444444447,58.008273641,3.5065831684174666,0.5416028013049009,0.7848242519294057,56.549501286270534,5.081309596905478,False,True
8.283333333333324,27.23888888888889,58.008273641,3.5071011188024617,0.5415941161811778,0.7848208418272856,56.5472278848571,5.082119561858748,False,True
8.299999999999992,27.233333333333334,58.008273641,3.5076189989698916,0.5415854202521899,0.7848174265001157,56.54495100007713,5.082929512084352,False,True
8.31666666666666,27.22777777777778,58.008273641,3.5081368089483047,0.5415767135156894,0.7848140059495211,56.542670633014104,5.083739447689396,False,True
8.333333333333327,27.222222222222225,58.008273641,3.5086545487662337,0.5415679959694257,0.7848105801771261,56.54038678475079,5.08454936878101,False,True
8.349999999999994,27.21666666666667,58.008273641,3.5091722184521887,0.5415592676111437,0.784807149184554,56.53809945636931,5.085359275466361,False,True
8.366666666666662,27.211111111111112,58.008273641,3.509689818034663,0.5415505284385855,0.7848037129734265,56.53580864895103,5.086169167852631,False,True
8.38333333333333,27.205555555555556,58.008273641,3.510207347542128,0.5415417784494887,0.784800271545365,56.53351436357672,5.086979046047039,False,True
8.399999999999997,27.200000000000003,58.008273641,3.510724807003037,0.5415330176415878,0.7847968249019895,56.53121660132636,5.0877889101568305,False,True
8.416666666666664,27.194444444444446,58.008273641,3.5112421964458265,0.5415242460126132,0.784793373044919,56.52891536327934,5.08859876028928,False,True
8.433333333333332,27.18888888888889,58.008273641,3.511759515898909,0.5415154635602918,0.7847899159757714,56.52661065051432,5.089408596551687,False,True
8.45,27.183333333333334,58.008273641,3.5122767653906823,0.5415066702823474,0.7847864536961638,56.52430246410922,5.090218419051379,False,True
8.466666666666667,27.177777777777777,58.008273641,3.5127939449495216,0.5414978661764989,0.7847829862077121,56.52199080514141,5.091028227895721,False,True
8.483333333333334,27.17222222222222,58.008273641,3.513311054603786,0.5414890512404625,0.7847795135120311,56.519675674687456,5.091838023192095,False,True
8.500000000000002,27.166666666666664,58.008273641,3.5138280943818114,0.5414802254719503,0.784776035610735,56.517357073823305,5.092647805047922,False,True
8.51666666666667,27.16111111111111,58.008273641,3.514345064311919,0.5414713888686711,0.7847725525054363,56.515035003624206,5.0934575735706416,False,True
8.533333333333337,27.155555555555555,58.008273641,3.514861964422408,0.5414625414283294,0.7847690641977471,56.512709465164704,5.09426732886773,False,True
8.550000000000004,27.15,58.008273641,3.515378794741559,0.5414536831486264,0.784765570689278,56.51038045951871,5.095077071046689,False,True
8.566666666666672,27.144444444444442,58.008273641,3.515895555297635,0.54144481402726,0.784762071981639,56.50804798775938,5.095886800215052,False,True
8.58333333333334,27.138888888888886,58.008273641,3.5164122461188776,0.5414359340619237,0.7847585680764388,56.505712050959275,5.096696516480375,False,True
8.600000000000007,27.133333333333333,58.008273641,3.5169288672335113,0.5414270432503074,0.7847550589752854,56.503372650190265,5.097506219950255,False,True
8.616666666666674,27.127777777777776,58.008273641,3.51744541866974,0.5414181415900978,0.7847515446797851,56.50102978652346,5.098315910732306,False,True
8.633333333333342,27.12222222222222,58.008273641,3.5179619004557505,0.5414092290789775,0.7847480251915441,56.49868346102941,5.09912558893418,False,True
8.65000000000001,27.116666666666664,58.008273641,3.518478312619709,0.5414003057146257,0.7847445005121668,56.49633367477788,5.099935254663553,False,True
8.666666666666677,27.111111111111107,58.008273641,3.518994655189762,0.541391371494718,0.784740970643257,56.493980428837986,5.100744908028127,False,True
8.683333333333344,27.10555555555555,58.008273641,3.5195109281940398,0.5413824264169251,0.7847374355864174,56.491623724278284,5.1015545491356535,False,True
8.700000000000012,27.099999999999994,58.008273641,3.5200271316606524,0.541373470478916,0.7847338953432497,56.48926356216646,5.102364178093887,False,True
8.71666666666668,27.09444444444444,58.008273641,3.5205432656176883,0.5413645036783544,0.7847303499153545,56.48689994356969,5.103173795010629,False,True
8.733333333333347,27.088888888888885,58.008273641,3.5210593300932223,0.5413555260129013,0.7847267993043315,56.48453286955436,5.103983399993704,False,True
8.750000000000014,27.08333333333333,58.008273641,3.521575325115306,0.5413465374802133,0.7847232435117794,56.48216234118628,5.10479299315097,False,True
8.766666666666682,27.077777777777772,58.008273641,3.522091250711973,0.5413375380779434,0.7847196825392958,56.47978835953054,5.105602574590316,False,True
8.78333333333335,27.072222222222216,58.008273641,3.5226071069112406,0.5413285278037417,0.7847161163884773,56.477410925651505,5.106412144419653,False,True
8.800000000000017,27.066666666666663,58.008273641,3.523122893741103,0.5413195066552534,0.7847125450609195,56.47503004061299,5.107221702746932,False,True
8.816666666666684,27.061111111111106,58.008273641,3.52363861122954,0.5413104746301213,0.784708968558217,56.47264570547802,5.108031249680126,False,True
8.833333333333352,27.05555555555555,58.008273641,3.5241542594045088,0.5413014317259831,0.7847053868819636,56.47025792130903,5.1088407853272475,False,True
8.85000000000002,27.049999999999994,58.008273641,3.5246698382939505,0.5412923779404738,0.7847018000337517,56.467866689167764,5.109650309796332,False,True
8.866666666666687,27.044444444444437,58.008273641,3.525185347925787,0.5412833132712246,0.7846982080151729,56.46547201011525,5.110459823195448,False,True
8.883333333333354,27.03888888888888,58.008273641,3.525700788327919,0.5412742377158621,0.7846946108278179,56.46307388521195,5.111269325632698,False,True
8.900000000000022,27.033333333333324,58.008273641,3.5262161595282313,0.5412651512720114,0.7846910084732762,56.46067231551751,5.112078817216199,False,True
8.91666666666669,27.02777777777777,58.008273641,3.526731461554589,0.5412560539372904,0.7846874009531366,56.4582673020911,5.112888298054131,False,True
8.933333333333357,27.022222222222215,58.008273641,3.5272466944348393,0.541246945709317,0.7846837882689865,56.45585884599102,5.113697768254669,False,True
8.950000000000024,27.01666666666666,58.008273641,3.527761858196809,0.541237826585703,0.7846801704224126,56.45344694827508,5.114507227926041,False,True
8.966666666666692,27.011111111111102,58.008273641,3.528276952868308,0.5412286965640568,0.7846765474150005,56.4510316100003,5.115316677176505,False,True
8.98333333333336,27.005555555555546,58.008273641,3.528791978477126,0.5412195556419845,0.7846729192483346,56.44861283222306,5.116126116114335,False,True
9.000000000000027,26.999999999999993,58.008273641,3.5293069350510344,0.5412104038170864,0.7846692859239988,56.44619061599919,5.116935544847857,False,True
9.016666666666694,26.994444444444436,58.008273641,3.529821822617788,0.5412012410869608,0.7846656474435755,56.44376496238368,5.117744963485413,False,True
9.033333333333362,26.98888888888888,58.008273641,3.5303366412051203,0.5411920674492015,0.7846620038086465,56.441335872430976,5.118554372135382,False,True
9.05000000000003,26.983333333333324,58.008273641,3.530851390840748,0.541182882901399,0.7846583550207922,56.43890334719481,5.119363770906168,False,True
9.066666666666697,26.977777777777767,58.008273641,3.5313660715523683,0.5411736874411395,0.7846547010815924,56.436467387728285,5.120173159906221,False,True
9.083333333333364,26.97222222222221,58.008273641,3.5318806833676595,0.5411644810660055,0.7846510419926258,56.43402799508386,5.120982539244014,False,True
9.100000000000032,26.966666666666654,58.008273641,3.5323952263142835,0.541155263773577,0.7846473777554698,56.43158517031323,5.12179190902804,False,True
9.1166666666667,26.9611111111111,58.008273641,3.532909700419881,0.5411460355614289,0.7846437083717013,56.429138914467536,5.122601269366845,False,True
9.133333333333367,26.955555555555545,58.008273641,3.5334241057120757,0.5411367964271327,0.7846400338428958,56.426689228597226,5.123410620368996,False,True
9.150000000000034,26.94999999999999,58.008273641,3.5339384422184734,0.5411275463682567,0.7846363541706282,56.42423611375212,5.1242199621430915,False,True
9.166666666666702,26.944444444444432,58.008273641,3.53445270996666,0.541118285382365,0.7846326693564719,56.421779570981286,5.125029294797763,False,True
9.183333333333369,26.938888888888876,58.008273641,3.5349669089842033,0.541109013467018,0.7846289794019998,56.41931960133325,5.1258386184416755,False,True
9.200000000000037,26.933333333333323,58.008273641,3.5354810392986535,0.541099730619773,0.7846252843087836,56.41685620585577,5.126647933183522,False,True
9.216666666666704,26.927777777777766,58.008273641,3.5359951009375417,0.5410904368381826,0.7846215840783941,56.41438938559607,5.127457239132036,False,True
9.233333333333372,26.92222222222221,58.008273641,3.5365090939283808,0.5410811321197964,0.784617878712401,56.41191914160062,5.128266536395976,False,True
9.250000000000039,26.916666666666654,58.008273641,3.5370230182986657,0.5410718164621597,0.7846141682123728,56.40944547491527,5.1290758250841355,False,True
9.266666666666707,26.911111111111097,58.008273641,3.5375368740758724,0.5410624898628146,0.7846104525798778,56.406968386585234,5.129885105305345,False,True
9.283333333333374,26.90555555555554,58.008273641,3.538050661287458,0.5410531523192997,0.7846067318164825,56.404487877655015,5.130694377168452,False,True
9.300000000000042,26.899999999999984,58.008273641,3.5385643799608633,0.5410438038291489,0.7846030059237528,56.402003949168545,5.131503640782359,False,True
9.316666666666709,26.89444444444443,58.008273641,3.5390780301235085,0.5410344443898933,0.7845992749032535,56.39951660216902,5.132312896255982,False,True
9.333333333333377,26.888888888888875,58.008273641,3.539591611802797,0.54102507399906,0.7845955387565485,56.39702583769905,5.13312214369828,False,True
9.350000000000044,26.88333333333332,58.008273641,3.540105125026114,0.5410156926541717,0.7845917974852008,56.39453165680055,5.133931383218248,False,True
9.366666666666712,26.877777777777762,58.008273641,3.540618569820825,0.5410063003527487,0.7845880510907721,56.392034060514796,5.1347406149249,False,True
9.383333333333379,26.872222222222206,58.008273641,3.541131946214279,0.5409968970923065,0.7845842995748236,56.389533049882424,5.135549838927297,False,True
9.400000000000047,26.866666666666653,58.008273641,3.5416452542338055,0.540987482870357,0.7845805429389151,56.38702862594342,5.136359055334528,False,True
9.416666666666714,26.861111111111097,58.008273641,3.5421584939067166,0.540978057684409,0.7845767811846056,56.38452078973712,5.137168264255712,False,True
9.433333333333382,26.85555555555554,58.008273641,3.542671665260306,0.5409686215319667,0.7845730143134533,56.38200954230218,5.13797746580001,False,True
9.450000000000049,26.849999999999984,58.008273641,3.5431847683218494,0.5409591744105314,0.784569242327015,56.37949488467663,5.138786660076607,False,True
9.466666666666717,26.844444444444427,58.008273641,3.5436978031186035,0.5409497163176,0.7845654652268468,56.3769768178979,5.139595847194726,False,True
9.483333333333384,26.83888888888887,58.008273641,3.544210769677808,0.5409402472506659,0.784561683014504,56.37445534300271,5.1404050272636255,False,True
9.500000000000052,26.833333333333314,58.008273641,3.544723668026684,0.5409307672072191,0.7845578956915407,56.371930461027134,5.141214200392592,False,True
9.516666666666719,26.82777777777776,58.008273641,3.545236498192434,0.5409212761847452,0.7845541032595099,56.36940217300662,5.142023366690953,False,True
9.533333333333387,26.822222222222205,58.008273641,3.5457492602022436,0.5409117741807266,0.784550305719964,56.36687047997601,5.142832526268063,False,True
9.550000000000054,26.81666666666665,58.008273641,3.5462619540832794,0.5409022611926417,0.7845465030744541,56.36433538296942,5.1436416792333155,False,True
9.566666666666721,26.811111111111092,58.008273641,3.54677457986269,0.5408927372179653,0.7845426953245306,56.36179688302039,5.144450825696135,False,True
9.583333333333389,26.805555555555536,58.008273641,3.547287137567607,0.5408832022541684,0.7845388824717426,56.35925498116177,5.145259965765981,False,True
9.600000000000056,26.799999999999983,58.008273641,3.5477996272251415,0.5408736562987182,0.7845350645176387,56.3567096784258,5.1460690995523475,False,True
9.616666666666724,26.794444444444427,58.008273641,3.5483120488623903,0.5408640993490781,0.7845312414637661,56.35416097584406,5.146878227164765,False,True
9.633333333333391,26.78888888888887,58.008273641,3.5488244025064293,0.540854531402708,0.7845274133116713,56.351608874447514,5.147687348712793,False,True
9.650000000000059,26.783333333333314,58.008273641,3.5493366881843174,0.5408449524570638,0.7845235800628996,56.34905337526642,5.148496464306031,False,True
9.666666666666726,26.777777777777757,58.008273641,3.5498489059230955,0.5408353625095979,0.7845197417189957,56.3464944793305,5.149305574054108,False,True
9.683333333333394,26.7722222222222,58.008273641,3.5503610557497867,0.5408257615577584,0.7845158982815031,56.34393218766874,5.150114678066695,False,True
9.700000000000061,26.766666666666644,58.008273641,3.5508731376913962,0.5408161495989909,0.7845120497519642,56.34136650130952,5.1509237764534825,False,True
9.716666666666729,26.76111111111109,58.008273641,3.5513851517749107,0.5408065266307355,0.7845081961319209,56.33879742128062,5.151732869324219,False,True
9.733333333333396,26.755555555555535,58.008273641,3.5518970980273,0.5407968926504302,0.7845043374229136,56.33622494860907,5.152541956788664,False,True
9.750000000000064,26.74999999999998,58.008273641,3.5524089764755153,0.540787247655508,0.7845004736264821,56.333649084321415,5.15335103895663,False,True
9.766666666666731,26.744444444444422,58.008273641,3.5529207871464905,0.5407775916433987,0.7844966047441652,56.33106982944347,5.154160115937956,False,True
9.783333333333399,26.738888888888866,58.008273641,3.553432530067141,0.5407679246115281,0.7844927307775006,56.328487185000434,5.154969187842521,False,True
9.800000000000066,26.733333333333313,58.008273641,3.5539442052643655,0.5407582465573189,0.7844888517280252,56.32590115201683,5.155778254780231,False,True
9.816666666666734,26.727777777777757,58.008273641,3.554455812765044,0.5407485574781896,0.7844849675972749,56.323311731516625,5.156587316861032,False,True
9.833333333333401,26.7222222222222,58.008273641,3.554967352596038,0.5407388573715544,0.7844810783867846,56.320718924523106,5.157396374194909,False,True
9.850000000000069,26.716666666666644,58.008273641,3.5554788247841933,0.5407291462348246,0.7844771840980883,56.31812273205888,5.158205426891878,False,True
9.866666666666736,26.711111111111087,58.008273641,3.5559902293563357,0.5407194240654076,0.784473284732719,56.31552315514602,5.159014475061988,False,True
9.883333333333404,26.70555555555553,58.008273641,3.5565015663392754,0.5407096908607062,0.7844693802922088,56.312920194805905,5.159823518815336,False,True
9.900000000000071,26.699999999999974,58.008273641,3.5570128357598034,0.5406999466181208,0.7844654707780889,56.31031385205927,5.160632558262036,False,True
9.916666666666739,26.69444444444442,58.008273641,3.5575240376446926,0.5406901913350467,0.7844615561918894,56.307704127926286,5.161441593512254,False,True
9.933333333333406,26.688888888888865,58.008273641,3.5580351720207015,0.5406804250088761,0.7844576365351396,56.3050910234264,5.162250624676189,False,True
9.950000000000074,26.68333333333331,58.008273641,3.558546238914566,0.540670647636998,0.7844537118093677,56.302474539578476,5.163059651864063,False,True
9.966666666666741,26.677777777777752,58.008273641,3.5590572383530086,0.5406608592167963,0.7844497820161012,56.29985467740079,5.163868675186152,False,True
9.983333333333409,26.672222222222196,58.008273641,3.5595681703627315,0.5406510597456521,0.7844458471568663,56.29723143791088,5.164677694752757,False,True
10.000000000000076,26.666666666666643,58.008273641,3.5600790349704203,0.5406412492209425,0.7844419072331886,56.294604822125784,5.165486710674218,False,True
10.016666666666744,26.661111111111087,58.008273641,3.5605898322027434,0.5406314276400406,0.7844379622465927,56.29197483106181,5.166295723060913,False,True
10.033333333333411,26.65555555555553,58.008273641,3.5611005620863514,0.5406215950003161,0.784434012198602,56.28934146573468,5.1671047320232555,False,True
10.050000000000079,26.649999999999974,58.008273641,3.561611224647876,0.5406117512991345,0.7844300570907392,56.28670472715951,5.167913737671694,False,True
10.066666666666746,26.644444444444417,58.008273641,3.5621218199139335,0.5406018965338584,0.784426096924526,56.28406461635072,5.1687227401167135,False,True
10.083333333333414,26.63888888888886,58.008273641,3.562632347911121,0.540592030701845,0.7844221317014833,56.28142113432221,5.169531739468841,False,True
10.100000000000081,26.633333333333304,58.008273641,3.563142808666019,0.5405821538004492,0.7844181614231307,56.27877428208713,5.170340735838636,False,True
10.116666666666749,26.62777777777775,58.008273641,3.5636532022051903,0.540572265827022,0.7844141860909871,56.276124060658084,5.171149729336687,False,True
10.133333333333416,26.622222222222195,58.008273641,3.56416352855518,0.5405623667789098,0.7844102057065705,56.27347047104704,5.171958720073634,False,True
10.150000000000084,26.61666666666664,58.008273641,3.564673787742515,0.540552456653456,0.784406220271398,56.27081351426533,5.172767708160145,False,True
10.166666666666751,26.611111111111082,58.008273641,3.565183979793707,0.5405425354479995,0.7844022297869855,56.2681531913237,5.173576693706932,False,True
10.183333333333419,26.605555555555526,58.008273641,3.565694104735248,0.5405326031598757,0.7843982342548483,56.2654895032322,5.174385676824738,False,True
10.200000000000086,26.599999999999973,58.008273641,3.5662041625936145,0.5405226597864171,0.7843942336765004,56.262822451000304,5.175194657624339,False,True
10.216666666666754,26.594444444444417,58.008273641,3.5667141533952633,0.5405127053249508,0.7843902280534554,56.260152035636914,5.1760036362165645,False,True
10.233333333333421,26.58888888888886,58.008273641,3.567224077166635,0.5405027397728015,0.7843862173872252,56.25747825815017,5.176812612712261,False,True
10.250000000000089,26.583333333333304,58.008273641,3.567733933934154,0.5404927631272891,0.7843822016793216,56.25480111954775,5.177621587222332,False,True
10.266666666666756,26.577777777777747,58.008273641,3.5682437237242257,0.5404827753857304,0.7843781809312549,56.2521206208366,5.178430559857707,False,True
10.283333333333424,26.57222222222219,58.008273641,3.5687534465632385,0.5404727765454385,0.7843741551445347,56.2494367630231,5.179239530729352,False,True
10.300000000000091,26.566666666666634,58.008273641,3.569263102477563,0.5404627666037216,0.7843701243206694,56.246749547113,5.180048499948278,False,True
10.316666666666759,26.56111111111108,58.008273641,3.5697726914935553,0.5404527455578856,0.7843660884611671,56.244058974111425,5.180857467625531,False,True
10.333333333333426,26.555555555555525,58.008273641,3.57028221363755,0.5404427134052315,0.7843620475675342,56.241365045022874,5.181666433872192,False,True
10.350000000000094,26.54999999999997,58.008273641,3.5707916689358674,0.5404326701430572,0.7843580016412769,56.23866776085127,5.182475398799386,False,True
10.366666666666761,26.544444444444412,58.008273641,3.571301057414809,0.5404226157686564,0.7843539506838998,56.235967122599874,5.1832843625182665,False,True
10.383333333333429,26.538888888888856,58.008273641,3.5718103791006603,0.540412550279319,0.784349894696907,56.233263131271315,5.1840933251400365,False,True
10.400000000000096,26.533333333333303,58.008273641,3.572319634019689,0.5404024736723312,0.7843458336818016,56.2305557878677,5.184902286775934,False,True
10.416666666666764,26.527777777777747,58.008273641,3.572828822198145,0.5403923859449754,0.7843417676400856,56.227845093390414,5.1857112475372285,False,True
10.433333333333431,26.52222222222219,58.008273641,3.573337943662262,0.5403822870945302,0.7843376965732605,56.225131048840296,5.186520207535239,False,True
10.450000000000099,26.516666666666634,58.008273641,3.573846998438256,0.5403721771182706,0.7843336204828263,56.22241365521753,5.1873291668813115,False,True
10.466666666666766,26.511111111111077,58.008273641,3.574355986552326,0.5403620560134674,0.7843295393702825,56.21969291352171,5.188138125686838,False,True
10.483333333333434,26.50555555555552,58.008273641,3.5748649080306536,0.5403519237773879,0.7843254532371277,56.2169688247518,5.188947084063251,False,True
10.500000000000101,26.499999999999964,58.008273641,3.5753737628994027,0.5403417804072954,0.7843213620848593,56.21424138990619,5.189756042122014,False,True
10.516666666666769,26.49444444444441,58.008273641,3.575882551184722,0.5403316259004493,0.784317265914974,56.21151060998263,5.19056499997464,False,True
10.533333333333436,26.488888888888855,58.008273641,3.5763912729127414,0.5403214602541059,0.7843131647289673,56.20877648597823,5.191373957732668,False,True
10.550000000000104,26.4833333333333,58.008273641,3.576899928109574,0.5403112834655165,0.7843090585283343,56.206039018889534,5.192182915507689,False,True
10.566666666666771,26.477777777777742,58.008273641,3.5774085168013166,0.5403010955319296,0.7843049473145687,56.20329820971245,5.192991873411324,False,True
10.583333333333439,26.472222222222186,58.008273641,3.577917039014048,0.5402908964505896,0.7843008310891634,56.20055405944229,5.193800831555236,False,True
10.600000000000106,26.466666666666633,58.008273641,3.5784254947738297,0.5402806862187367,0.7842967098536107,56.19780656907379,5.194609790051132,False,True
10.616666666666774,26.461111111111077,58.008273641,3.5789338841067084,0.5402704648336079,0.7842925836094015,56.19505573960099,5.195418749010752,False,True
10.633333333333441,26.45555555555552,58.008273641,3.579442207038711,0.5402602322924356,0.7842884523580261,56.19230157201741,5.196227708545881,False,True
10.650000000000109,26.449999999999964,58.008273641,3.5799504635958486,0.5402499885924492,0.7842843161009738,56.18954406731591,5.197036668768337,False,True
10.666666666666776,26.444444444444407,58.008273641,3.580458653804116,0.5402397337308744,0.7842801748397331,56.186783226488735,5.197845629789979,False,True
10.683333333333444,26.43888888888885,58.008273641,3.5809667776894902,0.5402294677049317,0.7842760285757914,56.18401905052759,5.198654591722716,False,True
10.700000000000111,26.433333333333294,58.008273641,3.5814748352779313,0.5402191905118393,0.7842718773106352,56.1812515404235,5.199463554678484,False,True
10.716666666666779,26.42777777777774,58.008273641,3.5819828265953815,0.540208902148811,0.7842677210457504,56.17848069716695,5.200272518769261,False,True
10.733333333333446,26.422222222222185,58.008273641,3.5824907516677693,0.5401986026130562,0.7842635597826216,56.17570652174775,5.20108148410708,False,True
10.750000000000114,26.41666666666663,58.008273641,3.582998610521003,0.5401882919017816,0.7842593935227327,56.172929015155134,5.201890450803989,False,True
10.766666666666781,26.411111111111072,58.008273641,3.5835064031809756,0.5401779700121889,0.7842552222675667,56.17014817837779,5.202699418972101,True,False
10.783333333333449,26.405555555555516,47.5,1.7402120832862158,0.2936049884257614,0.7752615050544208,50.17433670294723,4.595015384568264,False,False
10.800000000000116,26.399999999999963,48.5,1.9653768181215963,0.31508086680818065,0.7791893110197928,52.79287401319526,4.860341487313309,False,False
10.816666666666784,26.394444444444407,49.5,2.172959347694907,0.33676693293253124,0.7818980431792596,54.59869545283976,5.045129125581688,False,False
10.833333333333451,26.38888888888885,50.5,2.3672188715288303,0.35879762395524467,0.7837237747240688,55.81584981604587,5.170730199216824,False,False
10.850000000000119,26.383333333333294,51.5,2.5509777486739877,0.38125249586309834,0.7848911622135138,56.59410814234259,5.251742379823034,False,False
10.866666666666786,26.377777777777737,52.5,2.726216622014438,0.40418195569361404,0.7855579727361931,57.03864849079541,5.298606661334464,False,False
10.883333333333454,26.37222222222218,53.5,2.8943863283198232,0.42761940459278336,0.7858390021016923,57.226001401128215,5.319032858458867,False,False
10.900000000000121,26.366666666666625,54.5,3.056585611500051,0.45158758964864304,0.7858200246259066,57.213349750604436,5.318848957671704,False,False
10.916666666666789,26.36111111111107,53.6,2.9120336720320976,0.4299886677039537,0.785850323124685,57.23354874978999,5.322053286511171,False,False
10.933333333333456,26.355555555555515,54.410000000000004,3.043447843787135,0.4494012320881046,0.7858306931895646,57.220462126376404,5.321825037410338,False,False
10.950000000000124,26.34999999999996,53.681000000000004,2.9265094265030367,0.43191035186210314,0.7858570127127121,57.23800847514141,5.324757662491813,False,False
10.966666666666791,26.344444444444402,54.33710000000001,3.0330094206632503,0.4476327908429226,0.7858380317858513,57.2253545239009,5.324574522419927,False,False
10.983333333333459,26.338888888888846,53.746610000000004,2.9384322233081153,0.43346820402211994,0.785860758684414,57.24050578960929,5.327261734366579,False,False
11.000000000000126,26.333333333333293,54.278051000000005,3.0247668580927285,0.44620167382665477,0.7858430989408561,57.22873262723741,5.327169978884092,False,False
11.016666666666794,26.327777777777737,53.7997541,2.9482975695422935,0.43473050676565245,0.7858626406014328,57.24176040095528,5.329639574910903,False,False
11.033333333333461,26.32222222222218,54.230221310000005,3.018309035475759,0.44504300054614543,0.7858466040815197,57.23106938767981,5.32966006135682,False,True
11.050000000000129,26.316666666666624,54.008273641,2.9832553238645962,0.43970949310777746,0.7858606757104512,57.2404504736341,5.331754445552508,False,True
11.066666666666796,26.311111111111067,54.008273641,2.9838594476836393,0.4397068165908748,0.7858604563425835,57.24030422838901,5.332865124537297,False,True
11.083333333333464,26.30555555555551,54.008273641,2.9844634600918707,0.4397041292083321,0.785860228547464,57.240152364975984,5.333975691931959,False,True
11.100000000000131,26.299999999999955,54.008273641,2.985067361150905,0.43970143095990477,0.7858599923287719,57.23999488584791,5.33508614792029,False,True
11.116666666666799,26.2944444444444,54.008273641,2.9856711509223013,0.4396987218453436,0.7858597476901832,57.23983179345549,5.336196492686043,False,True
11.133333333333466,26.288888888888845,54.008273641,2.9862748294675625,0.4396960018643929,0.785859494635371,57.23966309024732,5.337306726412955,False,True
11.150000000000134,26.28333333333329,54.008273641,2.9868783968481325,0.4396932710167923,0.7858592331680048,57.23948877866983,5.338416849284711,False,True
11.166666666666801,26.277777777777732,54.008273641,2.9874818531254013,0.43969052930227503,0.785858963291751,57.239308861167345,5.339526861484981,False,True
11.183333333333469,26.272222222222176,54.008273641,2.9880851983607,0.4396877767205698,0.7858586850102731,57.239123340182054,5.340636763197391,False,True
11.200000000000136,26.266666666666623,54.008273641,2.988688432615306,0.43968501327139903,0.7858583983272309,57.23893221815399,5.34174655460554,False,True
11.216666666666804,26.261111111111067,54.008273641,2.9892915559504383,0.4396822389544799,0.7858581032462817,57.23873549752112,5.342856235892997,False,True
11.233333333333471,26.25555555555551,54.008273641,2.98989456842726,0.43967945376952394,0.7858577997710788,57.23853318071923,5.343965807243297,False,True
11.250000000000139,26.249999999999954,54.008273641,2.9904974701068783,0.4396766577162376,0.7858574879052731,57.23832527018205,5.345075268839942,False,True
11.266666666666806,26.244444444444397,54.008273641,2.9911002610503443,0.439673850794321,0.7858571676525117,57.23811176834115,5.346184620866411,True,False
11.283333333333474,26.23888888888884,47.5,1.7697232785968786,0.29402616899857814,0.7759457820579951,50.630521371996785,4.670364267623182,False,False
11.300000000000141,26.233333333333285,48.5,1.9918707419700086,0.3153868219139037,0.7796727719301445,53.115181286763004,4.924135299293703,False,False
11.316666666666809,26.22777777777773,49.5,2.197164526174366,0.33698276590528414,0.7822347209948753,54.82314732991688,5.100256019012313,False,False
11.333333333333476,26.222222222222175,50.5,2.389609285368276,0.3589373014284706,0.783949214577963,55.96614305197528,5.219107389946172,False,False
11.350000000000144,26.21666666666662,51.5,2.5718823651821507,0.38132419429509556,0.7850301708077685,56.68678053851237,5.29472108678733,False,False
11.366666666666811,26.211111111111062,52.5,2.745874902516594,0.40419051187363014,0.7856286120299194,57.08574135327963,5.337180921125533,False,False
11.383333333333479,26.205555555555506,53.5,2.912979081431026,0.4275675737775964,0.7858548464037443,57.23656426916285,5.353957757811724,False,False
11.400000000000146,26.199999999999953,54.5,3.0742533818309266,0.4514767484328144,0.7857915278450274,57.194351896684935,5.350712457014067,False,False
11.416666666666814,26.194444444444397,53.6,2.9305214036986706,0.42993026849572097,0.7858607954553604,57.24053030357358,5.356640483740488,False,False
11.433333333333481,26.18888888888884,54.410000000000004,3.0611873622406915,0.44929499430056785,0.7858053258134684,57.20355054231228,5.3539375311900255,False,False
11.450000000000149,26.183333333333284,53.681000000000004,2.944911921943191,0.4318465186322246,0.7858631193307426,57.242079553828454,5.359074507449032,False,False
11.466666666666816,26.177777777777727,54.33710000000001,3.0508064011858194,0.4475301603288999,0.7858151481545652,57.210098769710136,5.35689009736651,False,False
11.483333333333483,26.17222222222217,53.746610000000004,2.95676513488248,0.4333998517087933,0.7858632868412806,57.24219122752039,5.361361242176226,False,False
11.500000000000151,26.166666666666615,54.278051000000005,3.0426095186252002,0.44610184297179806,0.785822160660356,57.214773773570684,5.359650545364309,False,False
11.516666666666818,26.16111111111106,53.7997541,2.9665733350783174,0.4346583741063229,0.7858622100730055,57.24147338200368,5.363563700438505,False,False
11.533333333333486,26.155555555555505,54.230221310000005,3.0361876941596537,0.44494531462489095,0.785827164893596,57.21810992906404,5.3622741702488605,False,True
11.550000000000153,26.14999999999995,54.008273641,3.0013308233459846,0.4396244699046255,0.7858504436703753,57.233629113583504,5.365027018718274,False,True
11.566666666666821,26.144444444444392,54.008273641,3.00193163141489,0.4396214672899127,0.7858499730725205,57.233315381680306,5.366134429821254,False,True
11.583333333333488,26.138888888888836,54.008273641,3.002532329897046,0.43961845379983916,0.7858494941564125,57.23299610427498,5.367241734834407,False,True
11.600000000000156,26.133333333333283,54.008273641,3.0031329188523945,0.43961542943399523,0.7858490069256361,57.232671283757405,5.368348933940631,False,True
11.616666666666823,26.127777777777727,54.008273641,3.0037333983408265,0.43961239419196696,0.785848511383773,57.23234092251531,5.369456027322792,False,True
11.633333333333491,26.12222222222217,54.008273641,3.0043337684221756,0.4396093480733342,0.7858480075344016,57.23200502293444,5.37056301516373,False,True
11.650000000000158,26.116666666666614,54.008273641,3.0049340291562223,0.43960629107767146,0.7858474953810975,57.23166358739839,5.371669897646259,False,True
11.666666666666826,26.111111111111057,54.008273641,3.005534180602691,0.4396032232045485,0.7858469749274332,57.23131661828881,5.372776674953161,False,True
11.683333333333493,26.1055555555555,54.008273641,3.006134222821254,0.4396001444535284,0.7858464461769779,57.23096411798523,5.3738833472672045,False,True
11.700000000000161,26.099999999999945,54.008273641,3.0067341558715275,0.43959705482417016,0.7858459091332977,57.23060608886511,5.374989914771113,False,True
11.716666666666828,26.09444444444439,54.008273641,3.0073339798130743,0.4395939543160265,0.7858453637999558,57.230242533303944,5.3760963776476,False,True
11.733333333333496,26.088888888888835,54.008273641,3.007933694705404,0.43959084292864437,0.7858448101805128,57.229873453675175,5.377202736079355,False,True
11.750000000000163,26.08333333333328,54.008273641,3.0085333006079704,0.4395877206615665,0.7858442482785251,57.22949885235009,5.3783089902490255,False,True
11.766666666666831,26.077777777777722,54.008273641,3.0091327975801736,0.4395845875143288,0.7858436780975472,57.2291187316981,5.379415140339253,False,True
11.783333333333498,26.072222222222166,54.008273641,3.00973218568136,0.4395814434864631,0.7858430996411296,57.22873309408645,5.380521186532633,False,True
11.800000000000166,26.066666666666613,54.008273641,3.010331464970823,0.4395782885774945,0.7858425129128206,57.228341941880444,5.3816271290117585,False,True
11.816666666666833,26.061111111111057,54.008273641,3.0109306355078016,0.43957512278694383,0.7858419179161649,57.22794527744329,5.382732967959182,False,True
11.833333333333501,26.0555555555555,54.008273641,3.0115296973514796,0.43957194611432565,0.7858413146547043,57.22754310313621,5.383838703557437,False,True
11.850000000000168,26.049999999999944,54.008273641,3.01212865056099,0.43956875855914956,0.7858407031319775,57.22713542131839,5.384944335989032,False,True
11.866666666666836,26.044444444444387,54.008273641,3.0127274951954104,0.43956556012091935,0.7858400833515204,57.22672223434698,5.3860498654364575,False,True
11.883333333333503,26.03888888888883,54.008273641,3.013326231313765,0.43956235079913397,0.7858394553168656,57.22630354457712,5.387155292082167,False,True
11.90000000000017,26.033333333333275,54.008273641,3.0139248589750247,0.4395591305932865,0.7858388190315428,57.22587935436194,5.3882606161086,False,True
11.916666666666838,26.02777777777772,54.008273641,3.0145233782381062,0.4395558995028647,0.7858381744990788,57.22544966605253,5.38936583769817,False,True
11.933333333333506,26.022222222222165,54.008273641,3.0151217891618742,0.43955265752735106,0.785837521722997,57.22501448199802,5.390470957033267,False,True
11.950000000000173,26.01666666666661,54.008273641,3.0157200918051412,0.43954940466622255,0.7858368607068181,57.22457380454543,5.391575974296259,False,True
11.96666666666684,26.011111111111052,54.008273641,3.016318286226663,0.4395461409189507,0.7858361914540599,57.224127636039924,5.392680889669489,False,True
11.983333333333508,26.005555555555496,54.008273641,3.0169163724851447,0.43954286628500167,0.7858355139682367,57.22367597882451,5.393785703335278,False,True
12.000000000000176,25.999999999999943,54.008273641,3.017514350639238,0.43953958076383626,0.7858348282528604,57.223218835240274,5.394890415475927,False,True
12.016666666666843,25.994444444444387,54.008273641,3.018112220747541,0.43953628435490993,0.7858341343114394,57.22275620762628,5.395995026273708,False,True
12.03333333333351,25.98888888888883,54.008273641,3.018709982868601,0.4395329770576723,0.7858334321474795,57.22228809831964,5.397099535910883,False,True
12.050000000000178,25.983333333333274,54.008273641,3.019307637060909,0.4395296588715684,0.785832721764483,57.221814509655374,5.398203944569675,False,True
12.066666666666846,25.977777777777717,54.008273641,3.0199051833829063,0.4395263297960372,0.7858320031659498,57.22133544396658,5.3993082524323,False,True
12.083333333333513,25.97222222222216,54.008273641,3.0205026218929794,0.43952298983051274,0.7858312763553765,57.22085090358435,5.400412459680942,False,True
12.10000000000018,25.966666666666605,54.008273641,3.021099952649463,0.4395196389744231,0.7858305413362567,57.22036089083783,5.401516566497774,False,True
12.116666666666848,25.96111111111105,54.008273641,3.021697175710638,0.43951627722719155,0.7858297981120811,57.21986540805408,5.402620573064935,False,True
12.133333333333516,25.955555555555495,54.008273641,3.0222942911347364,0.4395129045882358,0.7858290466863374,57.219364457558264,5.403724479564554,False,True
12.150000000000183,25.94999999999994,54.008273641,3.0228912989799346,0.4395095210569679,0.7858282870625103,57.218858041673535,5.404828286178735,False,True
12.16666666666685,25.944444444444382,54.008273641,3.0234881993043565,0.43950612663279476,0.7858275192440816,57.21834616272109,5.405931993089562,False,True
12.183333333333518,25.938888888888826,54.008273641,3.024084992166075,0.4395027213151179,0.7858267432345301,57.21782882302009,5.407035600479097,False,True
12.200000000000186,25.933333333333273,54.008273641,3.0246816776231094,0.4394993051033335,0.7858259590373317,57.217306024887804,5.408139108529382,False,True
12.216666666666853,25.927777777777717,54.008273641,3.0252782557334283,0.43949587799683243,0.7858251666559591,57.21677777063946,5.409242517422438,False,True
12.23333333333352,25.92222222222216,54.008273641,3.0258747265549473,0.4394924399950001,0.7858243660938825,57.21624406258835,5.410345827340267,False,True
12.250000000000188,25.916666666666604,54.008273641,3.026471090145531,0.43948899109721645,0.7858235573545687,57.21570490304582,5.411449038464854,False,True
12.266666666666856,25.911111111111047,54.008273641,3.0270673465629905,0.4394855313028559,0.7858227404414818,57.21516029432122,5.412552150978164,False,True
12.283333333333523,25.90555555555549,54.008273641,3.0276634958650854,0.4394820606112882,0.7858219153580829,57.21461023872193,5.413655165062135,False,True
12.30000000000019,25.899999999999935,54.008273641,3.0282595381095234,0.439478579021877,0.7858210821078301,57.2140547385534,5.414758080898693,False,True
12.316666666666858,25.89444444444438,54.008273641,3.028855473353961,0.4394750865339808,0.7858202406941787,57.21349379611914,5.415860898669747,False,True
12.333333333333526,25.888888888888825,54.008273641,3.029451301656003,0.4394715831469531,0.785819391120581,57.21292741372063,5.416963618557181,False,True
12.350000000000193,25.88333333333327,54.008273641,3.0300470230732026,0.4394680688601417,0.7858185333904862,57.212355593657485,5.418066240742861,False,True
12.36666666666686,25.877777777777712,54.008273641,3.03064263766306,0.43946454367288873,0.785817667507341,57.21177833822731,5.419168765408643,False,True
12.383333333333528,25.872222222222156,54.008273641,3.0312381454830244,0.4394610075845318,0.7858167934745887,57.21119564972581,5.420271192736351,False,True
12.400000000000196,25.866666666666603,54.008273641,3.031833546590495,0.43945746059440266,0.7858159112956701,57.2106075304467,5.4213735229078015,False,True
12.416666666666863,25.861111111111043,54.008273641,3.032428841042819,0.4394539027018276,0.7858150209740227,57.21001398268179,5.422475756104791,False,True
12.43333333333353,25.85555555555549,54.008273641,3.0330240288972896,0.43945033390612753,0.7858141225130814,57.20941500872093,5.423577892509098,False,True
12.450000000000198,25.849999999999934,54.008273641,3.033619110211153,0.43944675420661866,0.7858132159162781,57.20881061085205,5.424679932302478,False,True
12.466666666666866,25.844444444444377,54.008273641,3.034214085041601,0.4394431636026111,0.7858123011870416,57.20820079136111,5.4257818756666785,False,True
12.483333333333533,25.838888888888825,54.008273641,3.0348089534457756,0.43943956209341023,0.7858113783287982,57.20758555253216,5.426883722783421,False,True
12.5000000000002,25.833333333333265,54.008273641,3.035403715480768,0.4394359496783154,0.785810447344971,57.206964896647335,5.42798547383442,False,True
12.516666666666868,25.82777777777771,54.008273641,3.0359983712036174,0.4394323263566214,0.7858095082389802,57.20633882598681,5.4290871290013625,False,True
12.533333333333536,25.822222222222155,54.008273641,3.0365929206713123,0.43942869212761715,0.7858085610142433,57.20570734282887,5.430188688465925,False,True
12.550000000000203,25.8166666666666,54.008273641,3.0371873639407907,0.439425046990586,0.7858076056741748,57.20507044944988,5.4312901524097725,False,True
12.56666666666687,25.811111111111043,54.008273641,3.037781701068939,0.439421390944807,0.7858066422221863,57.2044281481242,5.43239152101454,False,True
12.583333333333538,25.805555555555486,54.008273641,3.0383759321125945,0.4394177239895529,0.7858056706616866,57.20378044112439,5.433492794461856,False,True
12.600000000000206,25.799999999999933,54.008273641,3.0389700571285414,0.43941404612409135,0.7858046909960815,57.20312733072102,5.434593972933336,False,True
12.616666666666873,25.794444444444373,54.008273641,3.039564076173516,0.43941035734768513,0.785803703228774,57.20246881918272,5.43569505661057,False,True
12.63333333333354,25.78888888888882,54.008273641,3.040157989304201,0.4394066576595911,0.7858027073631645,57.20180490877631,5.436796045675142,False,True
12.650000000000208,25.783333333333264,54.008273641,3.0407517965772315,0.4394029470590608,0.78580170340265,57.20113560176665,5.437896940308619,False,True
12.666666666666876,25.777777777777708,54.008273641,3.0413454980491896,0.4393992255453411,0.7858006913506249,57.20046090041665,5.438997740692544,False,True
12.683333333333543,25.772222222222155,54.008273641,3.0419390937766084,0.4393954931176731,0.785799671210481,57.19978080698734,5.440098447008454,False,True
12.70000000000021,25.766666666666595,54.008273641,3.042532583815972,0.43939174977529216,0.7857986429856069,57.19909532373792,5.441199059437877,False,True
12.716666666666878,25.761111111111042,54.008273641,3.0431259682237095,0.4393879955174296,0.7857976066793884,57.19840445292556,5.442299578162304,False,True
12.733333333333546,25.755555555555485,54.008273641,3.0437192470562064,0.4393842303433099,0.7857965622952084,57.19770819680565,5.443400003363238,False,True
12.750000000000213,25.74999999999993,54.008273641,3.044312420369793,0.43938045425215316,0.7857955098364474,57.197006557631624,5.444500335222155,False,True
12.76666666666688,25.744444444444373,54.008273641,3.044905488220751,0.4393766672431741,0.7857944493064826,57.19629953765504,5.4456005739205136,False,True
12.783333333333548,25.738888888888816,54.008273641,3.0454984506653133,0.4393728693155818,0.7857933807086883,57.19558713912553,5.446700719639768,False,True
12.800000000000216,25.733333333333263,54.008273641,3.0460913077596596,0.43936906046858,0.7857923040464364,57.19486936429094,5.447800772561353,False,True
12.816666666666883,25.727777777777707,54.008273641,3.046684059559925,0.43936524070136806,0.7857912193230956,57.19414621539707,5.448900732866686,False,True
12.83333333333355,25.72222222222215,54.008273641,3.0472767061221893,0.43936141001313894,0.785790126542032,57.193417694687966,5.450000600737179,False,True
12.850000000000218,25.716666666666594,54.008273641,3.0478692475024856,0.43935756840308055,0.7857890257066086,57.19268380440576,5.451100376354232,False,True
12.866666666666886,25.711111111111038,54.008273641,3.0484616837567975,0.43935371587037564,0.785787916820186,57.19194454679069,5.452200059899228,False,True
12.883333333333553,25.70555555555548,54.008273641,3.0490540149410568,0.439349852414202,0.7857867998861217,57.19119992408112,5.453299651553533,False,True
12.90000000000022,25.699999999999925,54.008273641,3.0496462411111476,0.43934597803373154,0.7857856749077703,57.19044993851353,5.454399151498508,False,True
12.916666666666888,25.694444444444372,54.008273641,3.050238362322904,0.4393420927281313,0.7857845418884838,57.18969459232256,5.455498559915499,False,True
12.933333333333556,25.688888888888815,54.008273641,3.0508303786321096,0.43933819649656275,0.7857834008316114,57.18893388774093,5.456597876985839,False,True
12.950000000000223,25.68333333333326,54.008273641,3.051422290094501,0.4393342893381819,0.7857822517404993,57.18816782699956,5.457697102890855,False,True
12.96666666666689,25.677777777777703,54.008273641,3.0520140967657627,0.4393303712521402,0.7857810946184911,57.18739641232745,5.458796237811851,False,True
12.983333333333558,25.672222222222146,54.008273641,3.052605798701532,0.43932644223758316,0.7857799294689276,57.18661964595175,5.459895281930128,False,True
13.000000000000226,25.666666666666593,54.008273641,3.0531973959573953,0.4393225022936512,0.7857787562951466,57.18583753009775,5.4609942354269725,False,True
13.016666666666893,25.661111111111037,54.008273641,3.0537888885888917,0.4393185514194795,0.7857775751004833,57.185050066988865,5.462093098483662,False,True
13.03333333333356,25.65555555555548,54.008273641,3.0543802766515094,0.4393145896141977,0.78577638588827,57.184257258846706,5.463191871281465,False,True
13.050000000000228,25.649999999999924,54.008273641,3.0549715602006895,0.43931061687693085,0.7857751886618364,57.183459107890954,5.464290554001628,False,True
13.066666666666896,25.644444444444368,54.008273641,3.0555627392918225,0.4393066332067981,0.7857739834245092,57.18265561633952,5.465389146825398,False,True
13.083333333333563,25.63888888888881,54.008273641,3.05615381398025,0.439302638602913,0.7857727701796126,57.181846786408386,5.466487649934014,False,True
13.10000000000023,25.633333333333255,54.008273641,3.0567447843212654,0.4392986330643847,0.7857715489304676,57.18103262031175,5.467586063508692,False,True
13.116666666666898,25.627777777777702,54.008273641,3.0573356503701135,0.4392946165903166,0.7857703196803929,57.180213120261925,5.46868438773065,False,True
13.133333333333566,25.622222222222145,54.008273641,3.057926412181991,0.439290589179807,0.785769082432704,57.17938828846938,5.469782622781087,False,True
13.150000000000233,25.61666666666659,54.008273641,3.058517069812043,0.43928655083194873,0.7857678371907142,57.17855812714278,5.470880768841198,False,True
13.1666666666669,25.611111111111033,54.008273641,3.0591076233153696,0.4392825015458293,0.7857665839577334,57.177722638488916,5.471978826092169,False,True
13.183333333333568,25.605555555555476,54.008273641,3.05969807274702,0.43927844132053123,0.7857653227370691,57.17688182471276,5.4730767947151735,False,True
13.200000000000236,25.599999999999923,54.008273641,3.0602884181619947,0.4392743701551319,0.785764053532026,57.176035688017414,5.474174674891372,False,True
13.216666666666903,25.594444444444367,54.008273641,3.0608786596152493,0.4392702880487028,0.7857627763459063,57.175184230604216,5.475272466801929,False,True
13.23333333333357,25.58888888888881,54.008273641,3.061468797161686,0.4392661950003103,0.7857614911820089,57.17432745467262,5.476370170627991,False,True
13.250000000000238,25.583333333333254,54.008273641,3.062058830856163,0.4392620910090166,0.7857601980436304,57.17346536242025,5.47746778655069,False,True
13.266666666666906,25.577777777777698,54.008273641,3.0626487607534867,0.43925797607387684,0.7857588969340644,57.17259795604295,5.478565314751166,False,True
13.283333333333573,25.57222222222214,54.008273641,3.063238586908418,0.43925385019394225,0.785757587856602,57.17172523773469,5.479662755410537,False,True
13.30000000000024,25.566666666666585,54.008273641,3.063828309375668,0.4392497133682586,0.7857562708145315,57.170847209687636,5.480760108709915,False,True
13.316666666666908,25.561111111111032,54.008273641,3.0644179282099007,0.4392455655958657,0.7857549458111383,57.16996387409217,5.48185737483041,False,True
13.333333333333576,25.555555555555475,54.008273641,3.0650074434657326,0.43924140687579877,0.7857536128497052,57.16907523313681,5.482954553953125,False,True
13.350000000000243,25.54999999999992,54.008273641,3.06559685519773,0.43923723720708757,0.7857522719335124,57.16818128900828,5.484051646259145,False,True
13.36666666666691,25.544444444444363,54.008273641,3.0661861634604137,0.4392330565887569,0.7857509230658372,57.167282043891454,5.485148651929555,False,True
13.383333333333578,25.538888888888806,54.008273641,3.0667753683082553,0.43922886501982583,0.7857495662499542,57.16637749996946,5.486245571145434,False,True
13.400000000000245,25.533333333333253,54.008273641,3.067364469795679,0.43922466249930836,0.7857482014891354,57.16546765942358,5.487342404087851,False,True
13.416666666666913,25.527777777777693,54.008273641,3.0679534679770613,0.43922044902621327,0.7857468287866499,57.1645525244333,5.488439150937872,False,True
13.43333333333358,25.52222222222214,54.008273641,3.0685423629067308,0.43921622459954424,0.7857454481457644,57.16363209717629,5.48953581187655,False,True
13.450000000000248,25.516666666666584,54.008273641,3.0691311546389697,0.43921198921829957,0.7857440595697426,57.162706379828435,5.490632387084936,False,True
13.466666666666915,25.511111111111028,54.008273641,3.0697198432280106,0.4392077428814721,0.7857426630618457,57.161775374563796,5.491728876744078,False,True
13.483333333333583,25.505555555555475,54.008273641,3.070308428728039,0.4392034855880495,0.7857412586253321,57.160839083554684,5.492825281035013,False,True
13.50000000000025,25.499999999999915,54.008273641,3.0708969111931963,0.43919921733701495,0.7857398462634573,57.15989750897153,5.493921600138768,False,True
13.516666666666918,25.494444444444362,54.008273641,3.071485290677571,0.4391949381273453,0.7857384259794746,57.1589506529831,5.495017834236375,False,True
13.533333333333585,25.488888888888805,54.008273641,3.072073567235209,0.43919064795801266,0.7857369977766343,57.15799851775623,5.496113983508856,False,True
13.550000000000253,25.48333333333325,54.008273641,3.072661740920107,0.4391863468279841,0.785735561658184,57.15704110545607,5.497210048137224,False,True
13.56666666666692,25.477777777777693,54.008273641,3.0732498117862144,0.439182034736221,0.7857341176273689,57.156078418245905,5.498306028302492,False,True
13.583333333333588,25.472222222222136,54.008273641,3.0738377798874326,0.43917771168168,0.7857326656874309,57.1551104582873,5.499401924185662,False,True
13.600000000000255,25.466666666666583,54.008273641,3.0744256452776186,0.43917337766331205,0.78573120584161,57.15413722774002,5.500497735967741,False,True
13.616666666666923,25.461111111111023,54.008273641,3.0750134080105793,0.4391690326800631,0.7857297380931431,57.15315872876202,5.50159346382972,False,True
13.63333333333359,25.45555555555547,54.008273641,3.0756010681400774,0.43916467673087367,0.7857282624452643,57.15217496350953,5.502689107952597,False,True
13.650000000000258,25.449999999999914,54.008273641,3.076188625719827,0.43916030981467974,0.7857267789012053,57.15118593413692,5.503784668517354,False,True
13.666666666666925,25.444444444444358,54.008273641,3.076776080803496,0.43915593193041086,0.7857252874641953,57.15019164279691,5.504880145704981,False,True
13.683333333333593,25.438888888888805,54.008273641,3.077363433444705,0.4391515430769925,0.7857237881374605,57.14919209164031,5.505975539696457,False,True
13.70000000000026,25.433333333333245,54.008273641,3.077950683697028,0.4391471432533445,0.7857222809242244,57.14818728281625,5.5070708506727515,False,True
13.716666666666928,25.427777777777692,54.008273641,3.078537831613992,0.43914273245838104,0.7857207658277081,57.14717721847208,5.508166078814846,False,True
13.733333333333595,25.422222222222135,54.008273641,3.0791248772490794,0.4391383106910117,0.78571924285113,57.14616190075337,5.509261224303708,False,True
13.750000000000263,25.41666666666658,54.008273641,3.0797118206557226,0.43913387795014047,0.7857177119977059,57.14514133180393,5.510356287320304,False,True
13.76666666666693,25.411111111111023,54.008273641,3.0802986618873107,0.43912943423466616,0.7857161732706487,57.144115513765804,5.511451268045599,False,True
13.783333333333598,25.405555555555466,54.008273641,3.080885400997185,0.4391249795434828,0.7857146266731689,57.14308444877927,5.512546166660553,False,True
13.800000000000265,25.399999999999913,54.008273641,3.0814720380386387,0.43912051387547835,0.7857130722084743,57.142048138982894,5.513640983346123,False,True
13.816666666666933,25.394444444444357,54.008273641,3.0820585730649226,0.43911603722953646,0.7857115098797701,57.14100658651341,5.514735718283268,False,True
13.8333333333336,25.3888888888888,54.008273641,3.0826450061292374,0.439111549604535,0.7857099396902587,57.13995979350586,5.515830371652939,False,True
13.850000000000268,25.383333333333244,54.008273641,3.0832313372847406,0.4391070509993468,0.7857083616431403,57.138907762093524,5.516924943636092,False,True
13.866666666666935,25.377777777777688,54.008273641,3.083817566584541,0.4391025414128393,0.7857067757416119,57.13785049440793,5.5180194344136755,False,True
13.883333333333603,25.37222222222213,54.008273641,3.084403694081702,0.43909802084387506,0.7857051819888682,57.13678799257883,5.519113844166636,False,True
13.90000000000027,25.366666666666575,54.008273641,3.0849897198292417,0.4390934892913111,0.7857035803881014,57.13572025873428,5.520208173075924,False,True
13.916666666666938,25.361111111111022,54.008273641,3.0855756438801327,0.4390889467539996,0.7857019709425008,57.13464729500055,5.521302421322481,False,True
13.933333333333605,25.355555555555465,54.008273641,3.0861614662873,0.43908439323078685,0.7857003536552534,57.133569103502225,5.52239658908726,False,True
13.950000000000273,25.34999999999991,54.008273641,3.086747187103623,0.4390798287205151,0.785698728529543,57.13248568636207,5.5234906765511935,False,True
13.96666666666694,25.344444444444353,54.008273641,3.087332806381937,0.43907525322201996,0.7856970955685517,57.131397045701185,5.524584683895236,False,True
13.983333333333608,25.338888888888796,54.008273641,3.08791832417503,0.43907066673413303,0.7856954547754583,57.13030318363892,5.525678611300324,False,True
14.000000000000275,25.333333333333243,54.008273641,3.088503740535643,0.43906606925568015,0.7856938061534392,57.12920410229283,5.526772458947397,False,True
14.016666666666943,25.327777777777687,54.008273641,3.0890890555164745,0.4390614607854819,0.7856921497056683,57.12809980377885,5.527866227017403,False,True
14.03333333333361,25.32222222222213,54.008273641,3.0896742691701755,0.43905684132235373,0.7856904854353166,57.12699029021112,5.528959915691284,False,True
14.050000000000278,25.316666666666574,54.008273641,3.090259381549351,0.43905221086510643,0.785688813345553,57.12587556370201,5.530053525149975,False,True
14.066666666666945,25.311111111111018,54.008273641,3.090844392706562,0.4390475694125444,0.7856871334395434,57.12475562636228,5.53114705557443,False,True
14.083333333333613,25.30555555555546,54.008273641,3.0914293026943223,0.4390429169634682,0.7856854457204513,57.12363048030087,5.532240507145581,False,True
14.10000000000028,25.299999999999905,54.008273641,3.0920141115651023,0.4390382535166722,0.7856837501914375,57.122500127625045,5.5333338800443785,False,True
14.116666666666948,25.294444444444352,54.008273641,3.0925988193713256,0.439033579070946,0.7856820468556605,57.12136457044035,5.534427174451768,False,True
14.133333333333615,25.288888888888795,54.008273641,3.0931834261653703,0.4390288936250739,0.7856803357162758,57.120223810850604,5.53552039054869,False,True
14.150000000000283,25.28333333333324,54.008273641,3.093767931999571,0.43902419717783514,0.7856786167764368,57.11907785095791,5.536613528516097,False,True
14.16666666666695,25.277777777777683,54.008273641,3.094352336926215,0.43901948972800336,0.785676890039294,57.11792669286265,5.537706588534937,False,True
14.183333333333618,25.272222222222126,54.008273641,3.094936640997547,0.43901477127434796,0.7856751555079953,57.1167703386635,5.538799570786154,False,True
14.200000000000285,25.266666666666573,54.008273641,3.0955208442657627,0.43901004181563175,0.7856734131856862,57.11560879045749,5.539892475450707,False,True
14.216666666666953,25.261111111111017,54.008273641,3.0961049467830173,0.4390053013506136,0.7856716630755097,57.11444205033985,5.540985302709547,False,True
14.23333333333362,25.25555555555546,54.008273641,3.096688948601419,0.43900054987804626,0.7856699051806062,57.11327012040414,5.542078052743635,False,True
14.250000000000288,25.249999999999904,54.008273641,3.0972728497730304,0.43899578739667827,0.7856681395041133,57.11209300274223,5.543170725733923,False,True
14.266666666666955,25.244444444444348,54.008273641,3.0978566503498692,0.43899101390525186,0.7856663660491664,57.110910699444304,5.544263321861375,False,True
14.283333333333623,25.23888888888879,54.008273641,3.0984403503839104,0.43898622940250515,0.7856645848188982,57.10972321259881,5.545355841306955,False,True
14.30000000000029,25.233333333333235,54.008273641,3.099023949927082,0.4389814338871699,0.7856627958164388,57.108530544292535,5.546448284251632,False,True
14.316666666666958,25.227777777777682,54.008273641,3.099607449031269,0.43897662735797416,0.7856609990449157,57.10733269661053,5.547540650876369,False,True
14.333333333333625,25.222222222222126,54.008273641,3.1001908477483098,0.43897180981363904,0.7856591945074543,57.10612967163621,5.548632941362151,False,True
14.350000000000293,25.21666666666657,54.008273641,3.1007741461300005,0.43896698125288236,0.7856573822071768,57.104921471451235,5.549725155889943,False,True
14.36666666666696,25.211111111111013,54.008273641,3.101357344228091,0.4389621416744153,0.7856555621472034,57.10370809813562,5.55081729464073,False,True
14.383333333333628,25.205555555555456,54.008273641,3.101940442094288,0.4389572910769442,0.7856537343306516,57.1024895537677,5.5519093577955,False,True
14.400000000000295,25.199999999999903,54.008273641,3.1025234397802524,0.43895242945917096,0.7856518987606361,57.10126584042411,5.553001345535232,False,True
14.416666666666963,25.194444444444343,54.008273641,3.1031063373376018,0.438947556819791,0.7856500554402697,57.1000369601798,5.55409325804093,False,True
14.43333333333363,25.18888888888879,54.008273641,3.1036891348179085,0.438942673157496,0.785648204372662,57.098802915108024,5.555185095493578,False,True
14.450000000000298,25.183333333333234,54.008273641,3.1042718322727016,0.4389377784709712,0.7856463455609206,57.09756370728039,5.556276858074186,False,True
14.466666666666965,25.177777777777678,54.008273641,3.1048544297534657,0.4389328727588976,0.7856444790081503,57.09631933876683,5.557368545963756,False,True
14.483333333333633,25.172222222222125,54.008273641,3.1054369273116404,0.43892795601995027,0.7856426047174534,57.095069811635604,5.558460159343301,False,True
14.5000000000003,25.166666666666565,54.008273641,3.106019324998624,0.43892302825279983,0.7856407226919297,57.09381512795321,5.559551698393835,False,True
14.516666666666968,25.161111111111012,54.008273641,3.106601622865766,0.4389180894561112,0.7856388329346768,57.092555289784606,5.56064316329638,False,True
14.533333333333635,25.155555555555456,54.008273641,3.107183820964376,0.4389131396285442,0.7856369354487895,57.09129029919301,5.561734554231963,False,True
14.550000000000303,25.1499999999999,54.008273641,3.1077659193457174,0.4389081787687536,0.78563503023736,57.09002015824001,5.562825871381616,False,True
14.56666666666697,25.144444444444343,54.008273641,3.1083479180610123,0.43890320687538903,0.7856331173034782,57.088744868985486,5.563917114926377,False,True
14.583333333333638,25.138888888888786,54.008273641,3.108929817161435,0.43889822394709505,0.7856311966502315,57.08746443348767,5.565008285047287,False,True
14.600000000000305,25.133333333333233,54.008273641,3.109511616698119,0.43889322998251035,0.7856292682807048,57.08617885380318,5.566099381925403,False,True
14.616666666666973,25.127777777777673,54.008273641,3.1100933167221547,0.43888822498026964,0.7856273321979803,57.08488813198689,5.5671904057417745,False,True
14.63333333333364,25.12222222222212,54.008273641,3.1106749172845847,0.43888320893900135,0.7856253884051381,57.083592270092076,5.568281356677467,False,True
14.650000000000308,25.116666666666564,54.008273641,3.111256418436413,0.4388781818573293,0.7856234369052555,57.08229127017035,5.569372234913552,False,True
14.666666666666975,25.111111111111008,54.008273641,3.111837820228597,0.4388731437338721,0.7856214777014074,57.08098513427168,5.570463040631105,False,True
14.683333333333643,25.105555555555455,54.008273641,3.112419122712051,0.4388680945672431,0.7856195107966665,57.079673864444345,5.571553774011208,False,True
14.70000000000031,25.099999999999895,54.008273641,3.113000325937647,0.4388630343560507,0.7856175361941026,57.07835746273503,5.572644435234955,False,True
14.716666666666978,25.094444444444342,54.008273641,3.1135814299562115,0.43885796309889746,0.7856155538967831,57.0770359311887,5.573735024483442,False,True
14.733333333333645,25.088888888888786,54.008273641,3.1141624348185295,0.4388528807943815,0.7856135639077731,57.07570927184877,5.574825541937779,False,True
14.750000000000313,25.08333333333323,54.008273641,3.114743340575342,0.4388477874410959,0.7856115662301354,57.07437748675692,5.575915987779072,False,True
14.76666666666698,25.077777777777673,54.008273641,3.115324147277347,0.43884268303762763,0.7856095608669299,57.07304057795325,5.577006362188452,False,True
14.783333333333648,25.072222222222116,54.008273641,3.115904854975199,0.4388375675825596,0.7856075478212142,57.07169854747618,5.578096665347041,False,True
14.800000000000315,25.066666666666563,54.008273641,3.116485463719508,0.4388324410744688,0.7856055270960438,57.07035139736253,5.579186897435979,False,True
14.816666666666983,25.061111111111007,54.008273641,3.1170659735608446,0.4388273035119273,0.7856034986944711,57.06899912964742,5.580277058636415,False,True
14.83333333333365,25.05555555555545,54.008273641,3.117646384549733,0.43882215489350207,0.7856014626195467,57.06764174636444,5.581367149129505,False,True
14.850000000000318,25.049999999999894,54.008273641,3.118226696736656,0.4388169952177545,0.7855994188743182,57.06627924954546,5.582457169096417,False,True
14.866666666666985,25.044444444444338,54.008273641,3.118806910172051,0.4388118244832417,0.7855973674618311,57.06491164122076,5.583547118718314,False,True
14.883333333333653,25.03888888888878,54.008273641,3.1193870249063167,0.43880664268851494,0.7855953083851285,57.06353892341897,5.584636998176387,False,True
14.90000000000032,25.033333333333225,54.008273641,3.1199670409898053,0.43880144983212027,0.7855932416472506,57.06216109816711,5.585726807651825,False,True
14.916666666666988,25.027777777777672,54.008273641,3.1205469584728274,0.4387962459125992,0.7855911672512358,57.06077816749055,5.586816547325827,False,True
14.933333333333655,25.022222222222116,54.008273641,3.121126777405652,0.43879103092848737,0.7855890852001196,57.05939013341308,5.587906217379611,False,True
14.950000000000323,25.01666666666656,54.008273641,3.121706497838504,0.4387858048783156,0.7855869954969352,57.05799699795686,5.588995817994394,False,True
14.96666666666699,25.011111111111003,54.008273641,3.1222861198215655,0.4387805677606097,0.7855848981447136,57.05659876314238,5.590085349351408,False,True
14.983333333333658,25.005555555555446,54.008273641,3.122865643404977,0.4387753195738903,0.7855827931464828,57.05519543098858,5.591174811631894,False,True
15.000000000000325,24.999999999999893,54.008273641,3.1234450686388366,0.43877006031667215,0.7855806805052691,57.05378700351276,5.59226420501711,False,True
15.016666666666993,24.994444444444337,54.008273641,3.1240243955731977,0.43876478998746604,0.7855785602240959,57.052373482730566,5.5933535296883115,False,True
15.03333333333366,24.98888888888878,54.008273641,3.1246036242580746,0.43875950858477675,0.7855764323059842,57.05095487065611,5.594442785826777,False,True
15.050000000000328,24.983333333333224,54.008273641,3.125182754743437,0.4387542161071043,0.7855742967539527,57.04953116930183,5.595531973613789,False,True
15.066666666666995,24.977777777777668,54.008273641,3.1257617870792114,0.4387489125529431,0.7855721535710178,57.0481023806786,5.596621093230645,False,True
15.083333333333663,24.97222222222211,54.008273641,3.1263407213152856,0.438743597920783,0.7855700027601935,57.04666850679567,5.597710144858656,False,True
15.10000000000033,24.966666666666555,54.008273641,3.1269195575015005,0.4387382722091085,0.7855678443244909,57.04522954966064,5.598799128679133,False,True
15.116666666666998,24.961111111111002,54.008273641,3.127498295687659,0.4387329354163984,0.7855656782669195,57.043785511279644,5.599888044873417,False,True
15.133333333333665,24.955555555555446,54.008273641,3.1280769359235197,0.4387275875411274,0.7855635045904855,57.042336393657024,5.600976893622843,False,True
15.150000000000333,24.94999999999989,54.008273641,3.128655478258798,0.4387222285817642,0.7855613232981935,57.040882198795686,5.602065675108768,False,True
15.166666666667,24.944444444444333,54.008273641,3.129233922743171,0.4387168585367728,0.7855591343930453,57.03942292869685,5.603154389512559,False,True
15.183333333333668,24.938888888888776,54.008273641,3.12981226942627,0.4387114774046114,0.7855569378780403,57.0379585853602,5.604243037015601,False,True
15.200000000000335,24.933333333333223,54.008273641,3.1303905183576863,0.438706085183734,0.7855547337561757,57.036489170783774,5.605331617799282,False,True
15.216666666667003,24.927777777777663,54.008273641,3.1309686695869687,0.4387006818725888,0.785552522030446,57.03501468696406,5.606420132045006,False,True
15.23333333333367,24.92222222222211,54.008273641,3.1315467231636247,0.4386952674696191,0.7855503027038439,57.03353513589593,5.607508579934194,False,True
15.250000000000338,24.916666666666554,54.008273641,3.1321246791371196,0.4386898419732632,0.7855480757793589,57.032050519572664,5.608596961648275,False,True
15.266666666667005,24.911111111110998,54.008273641,3.1327025375568764,0.4386844053819538,0.785545841259979,57.03056083998598,5.609685277368697,False,True
15.283333333333672,24.90555555555544,54.008273641,3.1332802984722776,0.43867895769411863,0.785543599148689,57.02906609912601,5.610773527276917,False,True
15.30000000000034,24.899999999999885,54.008273641,3.1338579619326636,0.43867349890818064,0.7855413494484719,57.02756629898128,5.611861711554406,False,True
15.316666666667007,24.894444444444332,54.008273641,3.1344355279873315,0.43866802902255686,0.7855390921623082,57.026061441538786,5.612949830382654,False,True
15.333333333333675,24.888888888888776,54.008273641,3.135012996685541,0.4386625480356599,0.7855368272931758,57.02455152878388,5.614037883943161,False,True
15.350000000000342,24.88333333333322,54.008273641,3.1355903680765054,0.4386570559458972,0.7855345548440505,57.02303656270038,5.615125872417436,False,True
15.36666666666701,24.877777777777663,54.008273641,3.1361676422094003,0.4386515527516706,0.7855322748179058,57.02151654527054,5.616213795987014,False,True
15.383333333333677,24.872222222222106,54.008273641,3.1367448191333582,0.43864603845137706,0.7855299872177125,57.019991478475,5.617301654833439,False,True
15.400000000000345,24.866666666666553,54.008273641,3.137321898897469,0.4386405130434085,0.7855276920464392,57.01846136429285,5.618389449138263,False,True
15.416666666667012,24.861111111110997,54.008273641,3.137898881550785,0.43863497652615135,0.7855253893070524,57.01692620470161,5.619477179083068,False,True
15.43333333333368,24.85555555555544,54.008273641,3.1384757671423134,0.4386294288979871,0.7855230790025158,57.01538600167725,5.620564844849439,False,True
15.450000000000347,24.849999999999884,54.008273641,3.1390525557210225,0.43862387015729265,0.7855207611357912,57.013840757194146,5.621652446618976,False,True
15.466666666667015,24.844444444444328,54.008273641,3.1396292473358387,0.4386183003024387,0.7855184357098376,57.0122904732251,5.622739984573303,False,True
15.483333333333682,24.838888888888775,54.008273641,3.1402058420356473,0.4386127193317916,0.7855161027276121,57.0107351517414,5.6238274588940556,False,True
15.50000000000035,24.833333333333215,54.008273641,3.1407823398692933,0.4386071272437119,0.7855137621920691,57.00917479471278,5.624914869762889,False,True
15.516666666667017,24.827777777777662,54.008273641,3.141358740885578,0.43860152403655583,0.785511414106161,57.00760940410733,5.626002217361462,False,True
15.533333333333685,24.822222222222106,54.008273641,3.1419350451332653,0.438595909708674,0.7855090584728375,57.00603898189166,5.627089501871462,False,True
15.550000000000352,24.81666666666655,54.008273641,3.1425112526610772,0.4385902842584116,0.7855066952950462,57.004463530030804,5.628176723474596,False,True
15.56666666666702,24.811111111110993,54.008273641,3.1430873635176924,0.4385846476841094,0.7855043245757323,57.00288305048823,5.629263882352571,False,True
15.583333333333687,24.805555555555436,54.008273641,3.1436633777517518,0.43857899998410255,0.7855019463178388,57.00129754522587,5.630350978687125,False,True
15.600000000000355,24.799999999999883,54.008273641,3.1442392954118534,0.43857334115672086,0.7854995605243061,56.99970701620413,5.63143801266001,False,True
15.616666666667022,24.794444444444323,54.008273641,3.144815116546557,0.4385676712002897,0.7854971671980727,56.9981114653818,5.632524984452994,False,True
15.63333333333369,24.78888888888877,54.008273641,3.145390841204378,0.43856199011312896,0.7854947663420743,56.99651089471617,5.633611894247855,False,True
15.650000000000357,24.783333333333214,54.008273641,3.145966469433795,0.438556297893553,0.7854923579592445,56.994905306163034,5.634698742226404,False,True
15.666666666667025,24.777777777777658,54.008273641,3.1465420012832435,0.4385505945398715,0.7854899420525148,56.993294701676525,5.635785528570459,False,True
15.683333333333692,24.7722222222221,54.008273641,3.14711743680112,0.4385448800503889,0.7854875186248139,56.99167908320932,5.636872253461859,False,True
15.70000000000036,24.766666666666545,54.008273641,3.1476927760357776,0.4385391544234045,0.7854850876790689,56.99005845271257,5.637958917082457,False,True
15.716666666667027,24.761111111110992,54.008273641,3.1482680190355334,0.43853341765721265,0.7854826492182037,56.988432812135805,5.63904551961413,False,True
15.733333333333695,24.755555555555436,54.008273641,3.1488431658486618,0.438527669750102,0.7854802032451407,56.98680216342712,5.640132061238774,False,True
15.750000000000362,24.74999999999988,54.008273641,3.1494182165233964,0.4385219107003566,0.7854777497627995,56.985166508532984,5.641218542138298,False,True
15.76666666666703,24.744444444444323,54.008273641,3.14999317110793,0.4385161405062553,0.7854752887740976,56.98352584939841,5.642304962494629,False,True
15.783333333333697,24.738888888888766,54.008273641,3.1505680296504175,0.43851035916607123,0.7854728202819503,56.98188018796685,5.6433913224897285,False,True
15.800000000000365,24.733333333333213,54.008273641,3.151142792198971,0.4385045666780736,0.7854703442892703,56.980229526180196,5.64447762230555,False,True
15.816666666667032,24.727777777777657,54.008273641,3.151717458801665,0.43849876304052526,0.7854678607989682,56.978573865978845,5.6455638621240904,False,True
15.8333333333337,24.7222222222221,54.008273641,3.152292029506532,0.4384929482516845,0.7854653698139525,56.976913209301706,5.646650042127357,False,True
15.850000000000367,24.716666666666544,54.008273641,3.152866504361565,0.43848712230980447,0.7854628713371291,56.9752475580861,5.647736162497375,False,True
15.866666666667035,24.711111111110988,54.008273641,3.1534408834147167,0.4384812852131328,0.7854603653714018,56.97357691426789,5.648822223416195,False,True
15.883333333333702,24.705555555555435,54.008273641,3.1540151667139003,0.43847543695991276,0.785457851919672,56.971901279781314,5.649908225065879,False,True
15.90000000000037,24.699999999999875,54.008273641,3.154589354306989,0.43846957754838156,0.7854553309848388,56.97022065655921,5.65099416762852,False,True
15.916666666667037,24.694444444444322,54.008273641,3.1551634462418163,0.43846370697677206,0.7854528025697992,56.96853504653284,5.652080051286221,False,True
15.933333333333705,24.688888888888766,54.008273641,3.1557374425661755,0.4384578252433118,0.7854502666774479,56.96684445163193,5.653165876221112,False,True
15.950000000000372,24.68333333333321,54.008273641,3.1563113433278187,0.4384519323462224,0.7854477233106771,56.965148873784784,5.654251642615345,False,True
15.96666666666704,24.677777777777653,54.008273641,3.156885148574462,0.4384460282837216,0.7854451724723771,56.963448314918075,5.655337350651088,False,True
15.983333333333707,24.672222222222096,54.008273641,3.1574588583537784,0.4384401130540212,0.7854426141654356,56.96174277695706,5.656423000510532,False,True
16.000000000000373,24.666666666666544,54.008273641,3.158032472713402,0.4384341866553278,0.7854400483927382,56.96003226182547,5.657508592375893,False,True
16.01666666666704,24.661111111110987,54.008273641,3.158605991700929,0.43842824908584344,0.7854374751571682,56.958316771445475,5.658594126429404,False,True
16.033333333333704,24.65555555555543,54.008273641,3.1591794153639134,0.4384223003437647,0.7854348944616066,56.9565963077378,5.659679602853316,False,True
16.05000000000037,24.649999999999878,54.008273641,3.1597527437498725,0.43841634042728295,0.7854323063089325,56.954870872621655,5.660765021829914,False,True
16.066666666667036,24.64444444444432,54.008273641,3.160325976906281,0.43841036933458444,0.785429710702022,56.95314046801474,5.661850383541496,False,True
16.0833333333337,24.638888888888765,54.008273641,3.160899114880578,0.4384043870638506,0.7854271076437499,56.95140509583325,5.662935688170383,False,True
16.100000000000367,24.633333333333212,54.008273641,3.1614721577201585,0.4383983936132573,0.7854244971369878,56.949664757991904,5.664020935898917,False,True
16.116666666667033,24.627777777777656,54.008273641,3.162045105472383,0.4383923889809756,0.7854218791846058,56.94791945640387,5.6651061269094685,False,True
16.1333333333337,24.6222222222221,54.008273641,3.1626179581845695,0.4383863731651714,0.7854192537894713,56.94616919298091,5.666191261384426,False,True
16.150000000000365,24.616666666666546,54.008273641,3.163190715903998,0.43838034616400473,0.7854166209544499,56.944413969633246,5.667276339506209,False,True
16.16666666666703,24.61111111111099,54.008273641,3.163763378677909,0.4383743079756317,0.7854139806824043,56.942653788269595,5.6683613614572455,False,True
16.183333333333696,24.605555555555434,54.008273641,3.1643359465535044,0.4383682585982028,0.7854113329761958,56.940888650797184,5.669446327419997,False,True
16.20000000000036,24.59999999999988,54.008273641,3.1649084195779453,0.4383621980298628,0.7854086778386827,56.939118559121816,5.670531237576948,False,True
16.216666666667027,24.594444444444324,54.008273641,3.1654807977983563,0.4383561262687524,0.7854060152727215,56.93734351514769,5.6716160921106,False,True
16.233333333333693,24.588888888888768,54.008273641,3.166053081261822,0.43835004331300614,0.7854033452811665,56.935563520777656,5.672700891203493,False,True
16.25000000000036,24.583333333333215,54.008273641,3.166625270015386,0.43834394916075414,0.7854006678668695,56.93377857791302,5.673785635038173,False,True
16.266666666667025,24.57777777777766,54.008273641,3.167197364106056,0.43833784381012103,0.7853979830326803,56.93198868845355,5.674870323797222,False,True
16.28333333333369,24.572222222222102,54.008273641,3.167769363580799,0.43833172725922637,0.7853952907814464,56.93019385429763,5.675954957663245,False,True
16.300000000000356,24.56666666666655,54.008273641,3.1683412684865435,0.43832559950618477,0.7853925911160131,56.928394077342126,5.677039536818865,False,True
16.31666666666702,24.561111111110993,54.008273641,3.168913078870181,0.4383194605491055,0.7853898840392236,56.926589359482406,5.678124061446739,False,True
16.333333333333687,24.555555555555436,54.008273641,3.169484794778561,0.4383133103860929,0.7853871695539185,56.92477970261239,5.679208531729539,False,True
16.350000000000353,24.549999999999883,54.008273641,3.170056416258496,0.43830714901524576,0.7853844476629368,56.92296510862456,5.680292947849972,False,True
16.36666666666702,24.544444444444327,54.008273641,3.170627943356761,0.438300976434658,0.7853817183691147,56.921145579409874,5.681377309990769,False,True
16.383333333333685,24.53888888888877,54.008273641,3.1711993761200907,0.4382947926424188,0.7853789816752866,56.9193211168578,5.682461618334678,False,True
16.40000000000035,24.533333333333218,54.008273641,3.1717707145951812,0.4382885976366114,0.7853762375842847,56.91749172285642,5.683545873064481,False,True
16.416666666667016,24.52777777777766,54.008273641,3.1723419588286923,0.4382823914153148,0.7853734860989384,56.91565739929227,5.684630074362979,False,True
16.43333333333368,24.522222222222105,54.008273641,3.172913108867242,0.43827617397660207,0.7853707272220757,56.91381814805049,5.685714222413005,False,True
16.450000000000347,24.516666666666552,54.008273641,3.173484164757413,0.43826994531854163,0.7853679609565221,56.9119739710147,5.686798317397418,False,True
16.466666666667013,24.511111111110996,54.008273641,3.1740551265457464,0.4382637054391964,0.7853651873051006,56.910124870067115,5.6878823594991,False,True
16.48333333333368,24.50555555555544,54.008273641,3.1746259942787485,0.43825745433662483,0.7853624062706326,56.9082708470884,5.688966348900959,False,True
16.500000000000345,24.499999999999886,54.008273641,3.175196768002885,0.43825119200887924,0.7853596178559369,56.90641190395791,5.690050285785938,False,True
16.51666666666701,24.49444444444433,54.008273641,3.1757674477645836,0.4382449184540078,0.7853568220638301,56.904548042553394,5.691134170336995,False,True
16.533333333333676,24.488888888888773,54.008273641,3.176338033610235,0.4382386336700531,0.7853540188971267,56.9026792647512,5.692218002737122,False,True
16.55000000000034,24.48333333333322,54.008273641,3.1769085255861893,0.4382323376550523,0.7853512083586394,56.900805572426286,5.693301783169339,False,True
16.566666666667007,24.477777777777664,54.008273641,3.177478923738762,0.4382260304070378,0.7853483904511781,56.898926967452056,5.694385511816695,False,True
16.583333333333673,24.472222222222108,54.008273641,3.1780492281142276,0.43821971192403714,0.7853455651775508,56.89704345170055,5.695469188862256,False,True
16.60000000000034,24.466666666666555,54.008273641,3.1786194387588234,0.438213382204072,0.7853427325405634,56.89515502704231,5.696552814489128,False,True
16.616666666667005,24.461111111111,54.008273641,3.1791895557187493,0.4382070412451596,0.7853398925430196,56.89326169534643,5.697636388880439,False,True
16.63333333333367,24.455555555555442,54.008273641,3.1797595790401667,0.4382006890453117,0.7853370451877209,56.89136345848059,5.698719912219346,False,True
16.650000000000336,24.44999999999989,54.008273641,3.1803295087691996,0.43819432560253474,0.7853341904774666,56.88946031831104,5.699803384689038,False,True
16.666666666667002,24.444444444444333,54.008273641,3.180899344951933,0.43818795091483026,0.7853313284150537,56.887552276702515,5.700886806472729,False,True
16.683333333333668,24.438888888888776,54.008273641,3.1814690876344156,0.438181564980195,0.7853284590032775,56.88563933551837,5.701970177753658,False,True
16.700000000000333,24.433333333333223,54.008273641,3.182038736862657,0.4381751677966201,0.7853255822449308,56.883721496620524,5.7030534987151,False,True
16.716666666667,24.427777777777667,54.008273641,3.18260829268263,0.4381687593620912,0.7853226981428041,56.88179876186944,5.704136769540359,False,True
16.733333333333665,24.42222222222211,54.008273641,3.1831777551402696,0.43816233967458995,0.7853198066996862,56.87987113312414,5.705219990412762,False,True
16.75000000000033,24.416666666666558,54.008273641,3.183747124281473,0.4381559087320918,0.7853169079183633,56.87793861224223,5.706303161515671,False,True
16.766666666666996,24.411111111111,54.008273641,3.1843164001520994,0.4381494665325677,0.7853140018016198,56.87600120107989,5.707386283032474,False,True
16.783333333333662,24.405555555555445,54.008273641,3.184885582797971,0.4381430130739833,0.7853110883522377,56.87405890149181,5.708469355146591,False,True
16.800000000000328,24.399999999999892,54.008273641,3.1854546722648722,0.4381365483542985,0.785308167572997,56.872111715331364,5.709552378041475,False,True
16.816666666666993,24.394444444444336,54.008273641,3.1860236685985512,0.4381300723714691,0.7853052394666755,56.87015964445038,5.710635351900604,False,True
16.83333333333366,24.38888888888878,54.008273641,3.186592571844716,0.4381235851234451,0.7853023040360491,56.86820269069936,5.7117182769074875,False,True
16.850000000000325,24.383333333333226,54.008273641,3.187161382049039,0.43811708660817167,0.7852993612838909,56.86624085592729,5.712801153245663,False,True
16.86666666666699,24.37777777777767,54.008273641,3.187730099257157,0.4381105768235885,0.7852964112129727,56.86427414198181,5.713883981098711,False,True
16.883333333333656,24.372222222222113,54.008273641,3.1882987235146656,0.4381040557676304,0.7852934538260636,56.86230255070911,5.714966760650228,False,True
16.900000000000322,24.36666666666656,54.008273641,3.1888672548671253,0.438097523438227,0.7852904891259309,56.86032608395396,5.716049492083849,False,True
16.916666666666988,24.361111111111004,54.008273641,3.189435693360061,0.4380909798333028,0.7852875171153395,56.858344743559705,5.71713217558324,False,True
16.933333333333653,24.355555555555448,54.008273641,3.1900040390389575,0.4380844249507774,0.7852845377970524,56.85635853136828,5.718214811332094,False,True
16.95000000000032,24.349999999999895,54.008273641,3.1905722919492634,0.4380778587885644,0.7852815511738303,56.85436744922021,5.719297399514143,False,True
16.966666666666985,24.34444444444434,54.008273641,3.191140452136391,0.4380712813445733,0.7852785572484319,56.852371498954625,5.720379940313146,False,True
16.98333333333365,24.338888888888782,54.008273641,3.1917085196457147,0.43806469261670783,0.7852755560236138,56.85037068240921,5.721462433912896,False,True
17.000000000000316,24.33333333333323,54.008273641,3.1922764945225732,0.4380580926028667,0.7852725475021304,56.84836500142026,5.722544880497219,False,True
17.016666666666982,24.327777777777673,54.008273641,3.192844376812266,0.43805148130094396,0.785269531686734,56.846354457822635,5.723627280249964,False,True
17.033333333333648,24.322222222222116,54.008273641,3.1934121665600586,0.4380448587088277,0.7852665085801748,56.84433905344984,5.72470963335503,False,True
17.050000000000313,24.316666666666563,54.008273641,3.1939798638111765,0.43803822482440125,0.7852634781852009,56.84231879013395,5.725791939996334,False,True
17.06666666666698,24.311111111111007,54.008273641,3.194547468610811,0.4380315796455434,0.7852604405045583,56.8402936697056,5.726874200357827,False,True
17.083333333333645,24.30555555555545,54.008273641,3.1951149810041146,0.43802492317012615,0.7852573955409912,56.83826369399411,5.727956414623511,False,True
17.10000000000031,24.299999999999898,54.008273641,3.1956824010362053,0.43801825539601863,0.7852543432972409,56.83622886482728,5.72903858297739,False,True
17.116666666666976,24.29444444444434,54.008273641,3.196249728752162,0.4380115763210827,0.7852512837760474,56.834189184031615,5.730120705603534,False,True
17.133333333333642,24.288888888888785,54.008273641,3.196816964197028,0.4380048859431765,0.7852482169801482,56.832144653432174,5.7312027826860215,False,True
17.150000000000308,24.283333333333232,54.008273641,3.197384107415811,0.43799818426015236,0.785245142912279,56.830095274852646,5.732284814408981,False,True
17.166666666666973,24.277777777777676,54.008273641,3.1979511584534803,0.43799147126985755,0.785242061575173,56.82804105011529,5.733366800956568,False,True
17.18333333333364,24.27222222222212,54.008273641,3.1985181173549697,0.4379847469701344,0.7852389729715615,56.82598198104101,5.734448742512971,False,True
17.200000000000305,24.266666666666566,54.008273641,3.1990849841651765,0.43797801135882003,0.785235877104174,56.8239180694493,5.735530639262416,False,True
17.21666666666697,24.26111111111101,54.008273641,3.1996517589289613,0.4379712644337462,0.7852327739757374,56.82184931715828,5.736612491389166,False,True
17.233333333333636,24.255555555555453,54.008273641,3.2002184416911477,0.43796450619273974,0.785229663588977,56.81977572598464,5.737694299077511,False,True
17.250000000000302,24.2499999999999,54.008273641,3.2007850324965244,0.4379577366336222,0.7852265459466157,56.81769729774376,5.738776062511785,False,True
17.266666666666968,24.244444444444344,54.008273641,3.2013515313898426,0.4379509557542101,0.7852234210513743,56.81561403424954,5.739857781876351,False,True
17.283333333333633,24.238888888888788,54.008273641,3.2019179384158183,0.43794416355231497,0.7852202889059718,56.81352593731458,5.740939457355608,False,True
17.3000000000003,24.233333333333235,54.008273641,3.202484253619129,0.4379373600257428,0.785217149513125,56.81143300875004,5.742021089133991,False,True
17.316666666666965,24.22777777777768,54.008273641,3.203050477044419,0.43793054517229457,0.7852140028755487,56.809335250365756,5.743102677395974,False,True
17.33333333333363,24.222222222222122,54.008273641,3.2036166087362936,0.4379237189897662,0.7852108489959552,56.8072326639701,5.744184222326064,False,True
17.350000000000296,24.21666666666657,54.008273641,3.204182648739325,0.43791688147594865,0.7852076878770552,56.80512525137017,5.7452657241088,False,True
17.366666666666962,24.211111111111013,54.008273641,3.2047485970980465,0.43791003262862715,0.7852045195215575,56.803013014371615,5.746347182928769,False,True
17.383333333333628,24.205555555555456,54.008273641,3.2053144538569565,0.4379031724455822,0.7852013439321681,56.80089595477876,5.747428598970583,False,True
17.400000000000293,24.199999999999903,54.008273641,3.205880219060517,0.43789630092458937,0.7851981611115917,56.7987740743945,5.748509972418889,False,True
17.41666666666696,24.194444444444347,54.008273641,3.2064458927531563,0.4378894180634186,0.7851949710625306,56.79664737502039,5.749591303458385,False,True
17.433333333333625,24.18888888888879,54.008273641,3.2070114749792635,0.4378825238598348,0.785191773787685,56.79451585845665,5.750672592273795,False,True
17.45000000000029,24.183333333333238,54.008273641,3.207576965783193,0.4378756183115979,0.7851885692897531,56.79237952650206,5.751753839049879,False,True
17.466666666666956,24.17777777777768,54.008273641,3.2081423652092647,0.43786870141646245,0.7851853575714312,56.790238380954094,5.752835043971443,False,True
17.483333333333622,24.172222222222125,54.008273641,3.208707673301761,0.4378617731721783,0.7851821386354132,56.7880924236088,5.75391620722332,False,True
17.500000000000288,24.166666666666572,54.008273641,3.2092728901049288,0.4378548335764893,0.7851789124843914,56.78594165626096,5.75499732899039,False,True
17.516666666666953,24.161111111111016,54.008273641,3.209838015662981,0.43784788262713503,0.7851756791210558,56.78378608070389,5.756078409457568,False,True
17.53333333333362,24.15555555555546,54.008273641,3.210403050020092,0.43784092032184957,0.7851724385480944,56.7816256987296,5.757159448809801,False,True
17.550000000000285,24.149999999999906,54.008273641,3.210967993220403,0.4378339466583617,0.785169190768193,56.77946051212872,5.758240447232082,False,True
17.56666666666695,24.14444444444435,54.008273641,3.211532845308018,0.43782696163439494,0.7851659357840358,56.777290522690585,5.7593214049094446,False,True
17.583333333333616,24.138888888888793,54.008273641,3.212097606327007,0.4378199652476685,0.7851626735983045,56.77511573220304,5.760402322026947,False,True
17.600000000000282,24.13333333333324,54.008273641,3.2126622763214017,0.43781295749589516,0.785159404213679,56.772936142452714,5.761483198769701,False,True
17.616666666666948,24.127777777777684,54.008273641,3.213226855335203,0.4378059383767837,0.7851561276328372,56.770751755224794,5.7625640353228516,False,True
17.633333333333614,24.122222222222128,54.008273641,3.213791343412371,0.4377989078880366,0.7851528438584547,56.768562572303196,5.763644831871586,False,True
17.65000000000028,24.116666666666575,54.008273641,3.2143557405968344,0.43779186602735254,0.7851495528932055,56.766368595470375,5.764725588601121,False,True
17.666666666666945,24.11111111111102,54.008273641,3.2149200469324852,0.437784812792424,0.7851462547397613,56.76416982650754,5.765806305696724,False,True
17.68333333333361,24.105555555555462,54.008273641,3.2154842624631796,0.4377777481809384,0.7851429494007918,56.76196626719451,5.766886983343702,False,True
17.700000000000276,24.09999999999991,54.008273641,3.216048387232738,0.43777067219057836,0.7851396368789646,56.75975791930975,5.767967621727392,False,True
17.716666666666942,24.094444444444353,54.008273641,3.216612421284949,0.43776358481902145,0.7851363171769455,56.757544784630376,5.769048221033179,False,True
17.733333333333608,24.088888888888796,54.008273641,3.217176364663561,0.43775648606393935,0.7851329902973984,56.75532686493223,5.7701287814464886,False,True
17.750000000000274,24.083333333333243,54.008273641,3.217740217412291,0.43774937592299923,0.7851296562429846,56.75310416198971,5.771209303152784,False,True
17.76666666666694,24.077777777777687,54.008273641,3.21830397957482,0.4377422543938632,0.7851263150163639,56.750876677575924,5.772289786337567,False,True
17.783333333333605,24.07222222222213,54.008273641,3.2188676511947922,0.4377351214741878,0.785122966620194,56.74864441346267,5.773370231186383,False,True
17.80000000000027,24.066666666666578,54.008273641,3.219431232315819,0.4377279771616241,0.7851196110571306,56.74640737142036,5.774450637884826,False,True
17.816666666666936,24.06111111111102,54.008273641,3.2199947229814763,0.43772082145381896,0.7851162483298271,56.74416555321808,5.775531006618513,False,True
17.833333333333602,24.055555555555465,54.008273641,3.220558123235304,0.43771365434841314,0.7851128784409355,56.741918960623636,5.776611337573123,False,True
17.850000000000268,24.049999999999912,54.008273641,3.2211214331208073,0.43770647584304295,0.7851095013931051,56.73966759540342,5.777691630934359,False,True
17.866666666666934,24.044444444444355,54.008273641,3.2216846526814584,0.4376992859353389,0.7851061171889838,56.73741145932255,5.77877188688798,False,True
17.8833333333336,24.0388888888888,54.008273641,3.2222477819606925,0.4376920846229267,0.7851027258312172,56.735150554144795,5.77985210561978,False,True
17.900000000000265,24.033333333333246,54.008273641,3.22281082100191,0.43768487190342725,0.7850993273224488,56.73288488163257,5.780932287315585,False,True
17.91666666666693,24.02777777777769,54.008273641,3.223373769848479,0.4376776477744553,0.7850959216653205,56.730614443547026,5.782012432161289,False,True
17.933333333333596,24.022222222222133,54.008273641,3.2239366285437296,0.43767041223362113,0.7850925088624718,56.72833924164794,5.783092540342807,False,True
17.950000000000262,24.01666666666658,54.008273641,3.224499397130959,0.43766316527852994,0.7850890889165406,56.72605927769377,5.784172612046102,False,True
17.966666666666928,24.011111111111024,54.008273641,3.2250620756534305,0.43765590690678147,0.7850856618301625,56.723774553441665,5.785252647457181,False,True
17.983333333333594,24.005555555555468,54.008273641,3.2256246641543704,0.43764863711597013,0.7850822276059711,56.72148507064745,5.786332646762097,False,True
18.00000000000026,23.999999999999915,54.008273641,3.226187162676973,0.43764135590368547,0.7850787862465984,56.71919083106561,5.7874126101469425,False,True
18.016666666666925,23.99444444444436,54.008273641,3.2267495712643965,0.4376340632675119,0.785075337754674,56.71689183644935,5.788492537797851,False,True
18.03333333333359,23.988888888888802,54.008273641,3.2273118899597644,0.43762675920502825,0.7850718821328259,56.714588088550556,5.7895724299010105,False,True
18.050000000000257,23.98333333333325,54.008273641,3.227874118806167,0.43761944371380873,0.7850684193836795,56.71227958911973,5.790652286642636,False,True
18.066666666666922,23.977777777777693,54.008273641,3.2284362578466608,0.4376121167914217,0.7850649495098592,56.70996633990616,5.791732108209008,False,True
18.083333333333588,23.972222222222136,54.008273641,3.2289983071242636,0.43760477843543116,0.7850614725139866,56.70764834265775,5.792811894786427,False,True
18.100000000000254,23.966666666666583,54.008273641,3.2295602666819643,0.43759742864339524,0.7850579883986817,56.70532559912112,5.7938916465612555,False,True
18.11666666666692,23.961111111111027,54.008273641,3.2301221365627146,0.4375900674128673,0.7850544971665623,56.70299811104156,5.794971363719894,False,True
18.133333333333585,23.95555555555547,54.008273641,3.2306839168094332,0.4375826947413951,0.7850509988202446,56.70066588016308,5.796051046448793,False,True
18.15000000000025,23.949999999999918,54.008273641,3.2312456074650022,0.4375753106265218,0.7850474933623426,56.69832890822839,5.797130694934436,False,True
18.166666666666917,23.94444444444436,54.008273641,3.231807208572272,0.4375679150657848,0.7850439807954682,56.69598719697886,5.798210309363364,False,True
18.183333333333582,23.938888888888805,54.008273641,3.2323687201740587,0.4375605080567167,0.7850404611222319,56.693640748154586,5.799289889922162,False,True
18.200000000000248,23.933333333333252,54.008273641,3.2329301423131427,0.4375530895968446,0.7850369343452415,56.69128956349434,5.800369436797453,False,True
18.216666666666914,23.927777777777695,54.008273641,3.233491475032271,0.43754565968369113,0.7850334004671033,56.68893364473557,5.801448950175905,False,True
18.23333333333358,23.92222222222214,54.008273641,3.2340527183741585,0.4375382183147725,0.7850298594904217,56.686572993614504,5.802528430244248,False,True
18.250000000000245,23.916666666666586,54.008273641,3.2346138723814826,0.43753076548760117,0.785026311417799,56.684207611865986,5.803607877189235,False,True
18.26666666666691,23.91111111111103,54.008273641,3.235174937096889,0.43752330119968325,0.7850227562518355,56.68183750122364,5.804687291197685,False,True
18.283333333333577,23.905555555555473,54.008273641,3.2357359125629905,0.43751582544851986,0.7850191939951295,56.679462663419734,5.805766672456459,False,True
18.300000000000242,23.89999999999992,54.008273641,3.236296798822362,0.4375083382316077,0.7850156246502779,56.67708310018524,5.806846021152449,False,True
18.316666666666908,23.894444444444364,54.008273641,3.236857595917549,0.43750083954643754,0.7850120482198748,56.674698813249904,5.807925337472614,False,True
18.333333333333574,23.888888888888808,54.008273641,3.237418303891061,0.4374933293904948,0.7850084647065132,56.672309804342134,5.809004621603956,False,True
18.35000000000024,23.883333333333255,54.008273641,3.237978922785374,0.43748580776126095,0.7850048741127835,56.66991607518902,5.810083873733506,False,True
18.366666666666905,23.8777777777777,54.008273641,3.2385394526429296,0.4374782746562107,0.7850012764412746,56.6675176275164,5.811163094048367,False,True
18.38333333333357,23.872222222222142,54.008273641,3.2390998935061384,0.4374707300728143,0.7849976716945732,56.66511446304884,5.8122422827356806,False,True
18.400000000000237,23.86666666666659,54.008273641,3.239660245417373,0.43746317400853685,0.7849940598752644,56.66270658350962,5.813321439982629,False,True
18.416666666666902,23.861111111111033,54.008273641,3.2402205084189757,0.4374556064608382,0.784990440985931,56.66029399062066,5.814400565976451,False,True
18.433333333333568,23.855555555555476,54.008273641,3.240780682553255,0.4374480274271729,0.784986815029154,56.65787668610272,5.81547966090443,False,True
18.450000000000234,23.849999999999923,54.008273641,3.2413407678624835,0.4374404369049906,0.7849831820075127,56.655454671675145,5.816558724953895,False,True
18.4666666666669,23.844444444444367,54.008273641,3.2419007643889035,0.4374328348917352,0.7849795419235842,56.653027949056124,5.817637758312232,False,True
18.483333333333565,23.83888888888881,54.008273641,3.2424606721747224,0.4374252213848458,0.7849758947799437,56.650596519962484,5.818716761166868,False,True
18.50000000000023,23.833333333333258,54.008273641,3.2430204912621123,0.4374175963817563,0.7849722405791647,56.648160386109815,5.819795733705281,False,True
18.516666666666897,23.8277777777777,54.008273641,3.2435802216932146,0.4374099598798956,0.7849685793238186,56.64571954921237,5.820874676114992,False,True
18.533333333333562,23.822222222222145,54.008273641,3.2441398635101373,0.4374023118766865,0.7849649110164749,56.643274010983255,5.821953588583591,False,True
18.550000000000228,23.816666666666592,54.008273641,3.2446994167549525,0.4373946523695478,0.7849612356597012,56.640823773134166,5.82303247129869,False,True
18.566666666666894,23.811111111111035,54.008273641,3.2452588814697023,0.4373869813558921,0.7849575532560633,56.63836883737559,5.8241113244479745,False,True
18.58333333333356,23.80555555555548,54.008273641,3.245818257696393,0.4373792988331271,0.7849538638081252,56.635909205416766,5.82519014821917,False,True
18.600000000000225,23.799999999999926,54.008273641,3.2463775454769976,0.43737160479865617,0.7849501673184484,56.63344487896559,5.82626894280004,False,True
18.61666666666689,23.79444444444437,54.008273641,3.246936744853459,0.4373638992498756,0.7849464637895932,56.63097585972879,5.827347708378426,False,True
18.633333333333557,23.788888888888813,54.008273641,3.247495855867684,0.43735618218417854,0.7849427532241176,56.628502149411744,5.828426445142191,False,True
18.650000000000222,23.78333333333326,54.008273641,3.248054878561547,0.4373484535989512,0.7849390356245779,56.6260237497186,5.82950515327927,False,True
18.666666666666888,23.777777777777704,54.008273641,3.2486138129768896,0.43734071349157566,0.7849353109935283,56.62354066235225,5.830583832977639,False,True
18.683333333333554,23.772222222222148,54.008273641,3.2491726591555206,0.43733296185942866,0.7849315793335214,56.621052889014265,5.831662484425322,False,True
18.70000000000022,23.766666666666595,54.008273641,3.249731417139215,0.4373251986998812,0.7849278406471076,56.618560431405065,5.832741107810401,False,True
18.716666666666885,23.76111111111104,54.008273641,3.2502900869697164,0.4373174240102995,0.7849240949368356,56.616063291223696,5.833819703321009,False,True
18.73333333333355,23.755555555555482,54.008273641,3.2508486686887337,0.4373096377880445,0.784920342205252,56.61356147016803,5.834898271145324,False,True
18.750000000000217,23.74999999999993,54.008273641,3.2514071623379435,0.437301840030472,0.7849165824549019,56.61105496993461,5.83597681147158,False,True
18.766666666666882,23.744444444444373,54.008273641,3.25196556795899,0.43729403073493234,0.7849128156883282,56.60854379221878,5.837055324488064,False,True
18.783333333333548,23.738888888888816,54.008273641,3.2525238855934844,0.4372862098987704,0.784909041908072,56.60602793871464,5.838133810383121,False,True
18.800000000000214,23.733333333333263,54.008273641,3.2530821152830045,0.4372783775193267,0.7849052611166725,56.603507411115,5.839212269345129,False,True
18.81666666666688,23.727777777777707,54.008273641,3.253640257069097,0.4372705335939359,0.7849014733166672,56.600982211111415,5.840290701562539,False,True
18.833333333333545,23.72222222222215,54.008273641,3.254198310993274,0.4372626781199276,0.7848976785105912,56.598452340394175,5.8413691072238425,False,True
18.85000000000021,23.716666666666598,54.008273641,3.254756277097016,0.437254811094626,0.7848938767009785,56.59591780065239,5.84244748651759,False,True
18.866666666666877,23.71111111111104,54.008273641,3.2553141554217704,0.43724693251535035,0.7848900678903608,56.59337859357386,5.843525839632381,False,True
18.883333333333542,23.705555555555485,54.008273641,3.255871946008953,0.43723904237941463,0.7848862520812677,56.59083472084519,5.844604166756871,False,True
18.900000000000208,23.699999999999932,54.008273641,3.2564296488999447,0.43723114068412733,0.7848824292762275,56.58828618415167,5.845682468079767,False,True
18.916666666666874,23.694444444444375,54.008273641,3.2569872641360966,0.4372232274267923,0.7848785994777661,56.58573298517739,5.846760743789826,False,True
18.93333333333354,23.68888888888882,54.008273641,3.257544791758727,0.4372153026047071,0.7848747626884078,56.58317512560522,5.847838994075875,False,True
18.950000000000205,23.683333333333266,54.008273641,3.2581022318091186,0.437207366215165,0.7848709189106752,56.58061260711678,5.8489172191267755,False,True
18.96666666666687,23.67777777777771,54.008273641,3.2586595843285258,0.4371994182554542,0.7848670681470885,56.578045431392376,5.849995419131446,False,True
18.983333333333537,23.672222222222153,54.008273641,3.2592168493581686,0.43719145872285664,0.7848632104001667,56.57547360011118,5.851073594278874,False,True
19.000000000000203,23.6666666666666,54.008273641,3.259774026939234,0.4371834876146499,0.7848593456724267,56.57289711495108,5.8521517447580855,False,True
19.01666666666687,23.661111111111044,54.008273641,3.2603311171128784,0.4371755049281061,0.784855473966383,56.570315977588706,5.853229870758168,False,True
19.033333333333534,23.655555555555488,54.008273641,3.2608881199202253,0.43716751066049164,0.7848515952845492,56.567730189699496,5.854307972468269,False,True
19.0500000000002,23.649999999999935,54.008273641,3.261445035402365,0.4371595048090685,0.7848477096294364,56.56513975295764,5.85538605007758,False,True
19.066666666666865,23.644444444444378,54.008273641,3.262001863600357,0.43715148737109305,0.7848438170035541,56.562544669036065,5.8564641037753535,False,True
19.08333333333353,23.638888888888822,54.008273641,3.2625586045552275,0.4371434583438161,0.7848399174094097,56.559944939606524,5.857542133750899,False,True
19.100000000000197,23.63333333333327,54.008273641,3.263115258307971,0.43713541772448367,0.7848360108495093,56.55734056633952,5.8586201401935805,False,True
19.116666666666863,23.627777777777712,54.008273641,3.263671824899551,0.43712736551033643,0.7848320973263564,56.55473155090429,5.859698123292817,False,True
19.13333333333353,23.622222222222156,54.008273641,3.2642283043708966,0.4371193016986094,0.7848281768424533,56.55211789496892,5.860776083238087,False,True
19.150000000000194,23.616666666666603,54.008273641,3.264784696762907,0.43711122628653326,0.7848242494003003,56.54949960020018,5.861854020218916,False,True
19.16666666666686,23.611111111111047,54.008273641,3.2653410021164486,0.43710313927133265,0.7848203150023956,56.54687666826369,5.862931934424896,False,True
19.183333333333525,23.60555555555549,54.008273641,3.265897220472355,0.43709504065022703,0.7848163736512357,56.54424910082384,5.864009826045671,False,True
19.20000000000019,23.599999999999937,54.008273641,3.2664533518714296,0.4370869304204309,0.7848124253493156,56.54161689954375,5.865087695270947,False,True
19.216666666666857,23.59444444444438,54.008273641,3.267009396354443,0.43707880857915354,0.784808470099128,56.53898006608535,5.866165542290478,False,True
19.233333333333523,23.588888888888825,54.008273641,3.267565353962134,0.43707067512359865,0.784804507903164,56.53633860210937,5.867243367294082,False,True
19.25000000000019,23.58333333333327,54.008273641,3.2681212247352094,0.43706253005096496,0.7848005387639129,56.53369250927528,5.8683211704716305,False,True
19.266666666666854,23.577777777777715,54.008273641,3.268677008714344,0.43705437335844566,0.7847965626838621,56.5310417892414,5.869398952013061,False,True
19.28333333333352,23.57222222222216,54.008273641,3.269232705940182,0.4370462050432292,0.7847925796654971,56.52838644366474,5.870476712108352,False,True
19.300000000000185,23.566666666666606,54.008273641,3.269788316453334,0.4370380251024979,0.7847885897113018,56.52572647420122,5.871554450947563,False,True
19.31666666666685,23.56111111111105,54.008273641,3.2703438402943816,0.43702983353342995,0.7847845928237581,56.523061882505424,5.872632168720788,False,True
19.333333333333517,23.555555555555493,54.008273641,3.2708992775038728,0.43702163033319746,0.7847805890053462,56.52039267023078,5.873709865618197,False,True
19.350000000000183,23.54999999999994,54.008273641,3.2714546281223233,0.43701341549896733,0.7847765782585443,56.51771883902955,5.874787541830011,False,True
19.36666666666685,23.544444444444384,54.008273641,3.27200989219022,0.4370051890279015,0.7847725605858291,56.51504039055272,5.8758651975465135,False,True
19.383333333333514,23.538888888888827,54.008273641,3.272565069748015,0.43699695091715696,0.7847685359896751,56.51235732645006,5.876942832958033,False,True
19.40000000000018,23.533333333333275,54.008273641,3.2731201608361316,0.4369887011638842,0.7847645044725553,56.50966964837022,5.878020448254983,False,True
19.416666666666845,23.527777777777718,54.008273641,3.2736751654949607,0.43698043976522977,0.7847604660369408,56.50697735796059,5.879098043627815,False,True
19.43333333333351,23.52222222222216,54.008273641,3.2742300837648606,0.4369721667183342,0.7847564206853009,56.50428045686732,5.880175619267049,False,True
19.450000000000177,23.51666666666661,54.008273641,3.2747849156861593,0.4369638820203331,0.7847523684201031,56.50157894673543,5.881253175363261,False,True
19.466666666666843,23.511111111111052,54.008273641,3.2753396612991543,0.43695558566835674,0.784748309243813,56.49887282920869,5.882330712107088,False,True
19.48333333333351,23.505555555555496,54.008273641,3.27589432064411,0.4369472776595299,0.7847442431588946,56.49616210592973,5.88340822968923,False,True
19.500000000000174,23.499999999999943,54.008273641,3.276448893761261,0.43693895799097215,0.7847401701678098,56.49344677853991,5.884485728300447,False,True
19.51666666666684,23.494444444444387,54.008273641,3.277003380690809,0.4369306266597983,0.784736090273019,56.49072684867941,5.8855632081315505,False,True
19.533333333333506,23.48888888888883,54.008273641,3.2775577814729266,0.43692228366311703,0.7847320034769809,56.48800231798725,5.8866406693734294,False,True
19.55000000000017,23.483333333333277,54.008273641,3.2781120961477526,0.43691392899803233,0.7847279097821518,56.48527318810124,5.887718112217016,False,True
19.566666666666837,23.47777777777772,54.008273641,3.278666324755397,0.4369055626616428,0.7847238091909869,56.482539460657975,5.888795536853315,False,True
19.583333333333503,23.472222222222165,54.008273641,3.2792204673359375,0.43689718465104194,0.7847197017059393,56.479801137292874,5.889872943473385,False,True
19.60000000000017,23.46666666666661,54.008273641,3.2797745239294214,0.43688879496331734,0.7847155873294602,56.47705821964018,5.890950332268358,False,True
19.616666666666834,23.461111111111055,54.008273641,3.2803284945758633,0.4368803935955518,0.7847114660639993,56.47431070933293,5.892027703429414,False,True
19.6333333333335,23.4555555555555,54.008273641,3.280882379315249,0.4368719805448228,0.7847073379120044,56.47155860800297,5.893105057147804,False,True
19.650000000000166,23.449999999999946,54.008273641,3.2814361781875316,0.4368635558082026,0.7847032028759214,56.46880191728098,5.894182393614833,False,True
19.66666666666683,23.44444444444439,54.008273641,3.281989891232635,0.4368551193827579,0.7846990609581946,56.466040638796414,5.895259713021879,False,True
19.683333333333497,23.438888888888833,54.008273641,3.2825435184904492,0.4368466712655501,0.7846949121612664,56.46327477417762,5.896337015560374,False,True
19.700000000000163,23.43333333333328,54.008273641,3.2830970600008365,0.4368382114536357,0.7846907564875775,56.460504325051666,5.897414301421814,False,True
19.71666666666683,23.427777777777724,54.008273641,3.283650515803627,0.4368297399440659,0.7846865939395667,56.45772929304448,5.898491570797759,False,True
19.733333333333494,23.422222222222167,54.008273641,3.28420388593862,0.4368212567338859,0.7846824245196712,56.45494967978083,5.899568823879834,False,True
19.75000000000016,23.416666666666615,54.008273641,3.284757170445583,0.43681276182013645,0.7846782482303264,56.45216548688429,5.900646060859721,False,True
19.766666666666826,23.411111111111058,54.008273641,3.2853103693642542,0.4368042551998521,0.7846740650739659,56.449376715977294,5.901723281929178,False,True
19.78333333333349,23.4055555555555,54.008273641,3.285863482734342,0.43679573687006334,0.7846698750530214,56.44658336868096,5.902800487280012,False,True
19.800000000000157,23.39999999999995,54.008273641,3.2864165105955205,0.43678720682779454,0.784665678169923,56.4437854466154,5.903877677104097,False,True
19.816666666666823,23.394444444444392,54.008273641,3.2869694529874365,0.43677866507006435,0.7846614744270992,56.44098295139949,5.9049548515933825,False,True
19.83333333333349,23.388888888888836,54.008273641,3.287522309949705,0.43677011159388707,0.7846572638269763,56.43817588465089,5.90603201093987,False,True
19.850000000000154,23.383333333333283,54.008273641,3.28807508152191,0.4367615463962711,0.7846530463719792,56.43536424798613,5.90710915533563,False,True
19.86666666666682,23.377777777777727,54.008273641,3.2886277677436064,0.43675296947421977,0.7846488220645309,56.4325480430206,5.908186284972799,False,True
19.883333333333486,23.37222222222217,54.008273641,3.289180368654317,0.43674438082473127,0.7846445909070526,56.42972727136842,5.909263400043569,False,True
19.90000000000015,23.366666666666617,54.008273641,3.2897328842935334,0.4367357804447979,0.784640352901964,56.42690193464267,5.910340500740212,False,True
19.916666666666817,23.36111111111106,54.008273641,3.29028531470072,0.43672716833140707,0.7846361080516827,56.424072034455165,5.911417587255055,True,False
19.933333333333483,23.355555555555505,47.5,2.2253220034632792,0.298569642130437,0.7837097908389629,55.80652722597522,5.841205520558714,False,False
19.95000000000015,23.34999999999995,48.5,2.4089292624649503,0.31845252987198197,0.7849385941837975,56.62572945586505,5.937655918536986,False,False
19.966666666666814,23.344444444444395,49.5,2.583563280680167,0.3387834977254638,0.7856089634833862,57.07264232225748,5.991054713868159,False,False
19.98333333333348,23.33888888888884,50.5,2.750827485031763,0.3595949587355265,0.7858556294805737,57.2370863203825,6.011633957393761,False,False
20.000000000000146,23.333333333333286,51.5,2.9119188626049493,0.3809084912865069,0.7857776691234225,57.18511274894833,6.007009213173972,False,False
20.01666666666681,23.32777777777773,50.6,2.7684335865188703,0.3616996022954662,0.7858614636943962,57.24097579626417,6.014950684588344,False,False
20.033333333333477,23.322222222222173,51.410000000000004,2.898949934080211,0.3789617549759547,0.7857934438257946,57.195629217196434,6.011096957063617,False,False
20.050000000000143,23.31666666666662,50.681000000000004,2.782885780167741,0.3634066406392822,0.7858633496052638,57.24223307017587,6.0179636148758915,False,False
20.06666666666681,23.311111111111064,51.33710000000001,2.8886596331967787,0.37738713543173624,0.7858047035683026,57.20313571220175,6.014837586281506,False,False
20.083333333333474,23.305555555555507,50.746610000000004,2.7947999439613262,0.3647903969765264,0.7858629150645573,57.24194337637151,6.020798927788221,False,False
20.10000000000014,23.299999999999955,51.278051000000005,2.880548589647985,0.3761128030075508,0.7858127557973545,57.20850386490305,6.018332285790397,False,False
20.116666666666806,23.294444444444398,50.7997541,2.8046691395148207,0.365911496175466,0.7858611653815931,57.24077692106208,6.023534602017482,False,False
20.13333333333347,23.28888888888884,51.230221310000005,2.874208942073559,0.3750809536915871,0.785818502786916,57.212335191277376,6.021650913829564,False,True
20.150000000000137,23.28333333333329,51.008273641,2.839449337061888,0.3703370966063506,0.7858461657327036,57.23077715513576,6.025241313305926,False,True
20.166666666666803,23.277777777777732,51.008273641,2.8400844870160906,0.3703341725896375,0.7858455582259583,57.23037215063883,6.026632010492717,False,True
20.18333333333347,23.272222222222176,51.008273641,2.8407195075013445,0.3703312370540052,0.7858449403033534,57.22996020223563,6.028022560423173,False,True
20.200000000000134,23.266666666666623,51.008273641,2.8413543985967906,0.3703282899989125,0.7858443119699025,57.22954131326831,6.029412963385833,False,True
20.2166666666668,23.261111111111067,51.008273641,2.8419891603814884,0.37032533142380974,0.7858436732306138,57.22911548707585,6.030803219669203,False,True
20.233333333333466,23.25555555555551,51.008273641,2.842623792934419,0.3703223613281416,0.7858430240904909,57.22868272699394,6.032193329561732,False,True
20.25000000000013,23.249999999999957,51.008273641,2.8432582963344792,0.37031937971134393,0.7858423645545326,57.22824303635511,6.0335832933518345,False,True
20.266666666666797,23.2444444444444,51.008273641,2.8438926706604897,0.3703163865728463,0.785841694627733,57.22779641848869,6.03497311132788,False,True
20.283333333333463,23.238888888888845,51.008273641,2.844526915991188,0.3703133819120712,0.7858410143150811,57.22734287672073,6.036362783778186,False,True
20.30000000000013,23.23333333333329,51.008273641,2.8451610324052337,0.3703103657284332,0.7858403236215613,57.22688241437419,6.037752310991039,False,True
20.316666666666794,23.227777777777735,51.008273641,2.845795019981205,0.3703073380213401,0.7858396225521531,57.22641503476876,6.039141693254675,False,True
20.33333333333346,23.22222222222218,51.008273641,2.846428878797602,0.37030429879019233,0.7858389111118315,57.22594074122102,6.0405309308572965,False,True
20.350000000000126,23.216666666666626,51.008273641,2.8470626089328426,0.3703012480343834,0.7858381893055664,57.225459537044244,6.041920024087051,False,True
20.36666666666679,23.21111111111107,51.008273641,2.847696210465267,0.3702981857532996,0.7858374571383229,57.224971425548596,6.043308973232049,False,True
20.383333333333457,23.205555555555513,51.008273641,2.8483296834731364,0.37029511194631937,0.7858367146150617,57.22447641004115,6.0446977785803755,False,True
20.400000000000123,23.19999999999996,51.008273641,2.8489630280346314,0.3702920266128147,0.7858359617407384,57.223974493825644,6.046086440420055,False,True
20.41666666666679,23.194444444444404,51.008273641,2.849596244227853,0.3702889297521501,0.7858351985203041,57.223465680202764,6.047474959039079,False,True
20.433333333333454,23.188888888888847,51.008273641,2.8502293321308243,0.3702858213636831,0.7858344249587049,57.22294997246998,6.048863334725394,True,False
20.45000000000012,23.183333333333294,47.5,2.24991513723261,0.29870512905608676,0.7839727115692279,55.98180771281861,5.905061210400926,False,False
20.466666666666786,23.177777777777738,48.5,2.431797231888802,0.3185179553312352,0.7850950063809142,56.73000425394286,5.993985052746585,False,False
20.48333333333345,23.17222222222218,49.5,2.6049981776001103,0.33878400528842,0.7856822870638784,57.12152470925227,6.041315097599292,False,False
20.500000000000117,23.16666666666663,50.5,2.771046614446053,0.35953335165299105,0.7858631936746983,57.24212911646552,6.056916645529562,False,False
20.516666666666783,23.161111111111072,51.5,2.9310891540144928,0.3807860529680368,0.7857326455184048,57.15509701226986,6.0481533325156445,False,False
20.53333333333345,23.155555555555516,50.6,2.788532880070667,0.36163119168969987,0.7858625796632235,57.24171977548232,6.059774966779972,False,False
20.550000000000114,23.149999999999963,51.410000000000004,2.918200940286727,0.37884402442527254,0.7857520649650669,57.16804331004464,6.0525764350958875,False,False
20.56666666666678,23.144444444444407,50.681000000000004,2.8028877960459955,0.36333259288181485,0.7858592231989389,57.239482132625895,6.062421234064679,False,False
20.583333333333446,23.13888888888885,51.33710000000001,2.9079752156798966,0.37727308388921016,0.7857662100422731,57.17747336151542,6.056590734134277,False,False
20.60000000000011,23.133333333333297,50.746610000000004,2.8147225091940107,0.3647116531253608,0.7858544878600231,57.23632524001544,6.064961996622658,False,False
20.616666666666777,23.12777777777774,51.278051000000005,2.8999154300092926,0.37600159677161493,0.7857765133980333,57.18434226535557,6.060307869186907,False,False
20.633333333333443,23.122222222222184,50.7997541,2.824526407673326,0.3658288162776827,0.7858491774555244,57.23278497034965,6.067460121803695,False,False
20.65000000000011,23.11666666666663,51.230221310000005,2.8936160905516504,0.37497191710590594,0.7857839852291865,57.18932348612431,6.063806593587597,False,True
20.666666666666774,23.111111111111075,51.008273641,2.8590791358014833,0.3702410931289237,0.7858225120326665,57.21500802177769,6.068285747561146,False,True
20.68333333333344,23.10555555555552,51.008273641,2.8597103086599587,0.37023781174142517,0.7858215839439374,57.21438929595827,6.069672013785127,False,True
20.700000000000106,23.099999999999966,51.008273641,2.8603413544658762,0.37023451881486724,0.7858206455925434,57.2137637283623,6.071058141678509,False,True
20.71666666666677,23.09444444444441,51.008273641,2.860972273295933,0.3702312143484853,0.7858196969833512,57.21313132223411,6.072444131528633,False,True
20.733333333333437,23.088888888888853,51.008273641,2.8616030652267432,0.37022789834150843,0.7858187381212226,57.21249208081507,6.073829983622785,False,True
20.750000000000103,23.0833333333333,51.008273641,2.8622337303348493,0.37022457079315774,0.7858177690110151,57.21184600734338,6.075215698248234,False,True
20.76666666666677,23.077777777777744,51.008273641,2.8628642686967147,0.3702212317026477,0.7858167896575813,57.21119310505421,6.076601275692213,False,True
20.783333333333434,23.072222222222187,51.008273641,2.863494680388725,0.3702178810691853,0.7858158000657695,57.21053337717963,6.0779867162419245,False,True
20.8000000000001,23.066666666666634,51.008273641,2.8641249654871914,0.37021451889197066,0.7858148002404229,57.209866826948655,6.079372020184535,False,True
20.816666666666766,23.061111111111078,51.008273641,2.864755124068348,0.3702111451701971,0.7858137901863809,57.20919345758725,6.080757187807183,False,True
20.83333333333343,23.05555555555552,51.008273641,2.8653851562083505,0.3702077599030498,0.7858127699084774,57.208513272318285,6.082142219396978,False,True
20.850000000000097,23.04999999999997,51.008273641,2.8660150619832794,0.3702043630897081,0.7858117394115424,57.20782627436161,6.08352711524099,False,True
20.866666666666763,23.044444444444412,51.008273641,2.8666448414691397,0.3702009547293434,0.785810698700401,57.207132466934,6.08491187562627,False,True
20.88333333333343,23.038888888888856,51.008273641,2.86727449474186,0.3701975348211203,0.7858096477798737,57.20643185324919,6.086296500839833,False,True
20.900000000000095,23.033333333333303,51.008273641,2.8679040218772913,0.370194103364196,0.7858085866547768,57.205724436517905,6.087680991168666,False,True
20.91666666666676,23.027777777777747,51.008273641,2.8685334229512107,0.37019066035772125,0.7858075153299215,57.20501021994775,6.089065346899724,False,True
20.933333333333426,23.02222222222219,51.008273641,2.869162698039318,0.3701872058008388,0.7858064338101151,57.2042892067434,6.090449568319943,False,True
20.95000000000009,23.016666666666637,51.008273641,2.8697918472172383,0.3701837396926851,0.7858053421001596,57.20356140010643,6.0918336557162185,False,True
20.966666666666757,23.01111111111108,51.008273641,2.8704208705605208,0.37018026203238935,0.7858042402048531,57.202826803235375,6.093217609375422,False,True
20.983333333333423,23.005555555555524,51.008273641,2.871049768144638,0.3701767728190732,0.7858031281289887,57.20208541932582,6.094601429584403,False,True
21.00000000000009,22.99999999999997,51.008273641,2.8716785400449885,0.3701732720518516,0.7858020058773554,57.20133725157027,6.095985116629979,False,True
21.016666666666755,22.994444444444415,51.008273641,2.8723071863368954,0.3701697597298324,0.7858008734547374,57.20058230315824,6.09736867079894,False,True
21.03333333333342,22.98888888888886,51.008273641,2.872935707095606,0.37016623585211633,0.7857997308659144,57.19982057727625,6.098752092378054,False,True
21.050000000000086,22.983333333333306,51.008273641,2.873564102396292,0.3701627004177971,0.7857985781156617,57.199052077107794,6.100135381654053,False,True
21.06666666666675,22.97777777777775,51.008273641,2.874192372314053,0.3701591534259613,0.78579741520875,57.19827680583334,6.101518538913658,False,True
21.083333333333417,22.972222222222193,51.008273641,2.8748205169239083,0.37015559487568844,0.7857962421499456,57.197494766630385,6.102901564443548,False,True
21.100000000000083,22.96666666666664,51.008273641,2.8754485363008078,0.37015202476605086,0.7857950589440102,57.19670596267349,6.104284458530392,False,True
21.11666666666675,22.961111111111084,51.008273641,2.8760764305196256,0.3701484430961137,0.7857938655957012,57.19591039713412,6.105667221460835,False,True
21.133333333333415,22.955555555555527,51.008273641,2.876704199655158,0.3701448498649359,0.7857926621097712,57.19510807318082,6.107049853521475,False,True
21.15000000000008,22.949999999999974,51.008273641,2.8773318437821294,0.3701412450715686,0.7857914484909687,57.19429899397913,6.108432354998906,False,True
21.166666666666746,22.944444444444418,51.008273641,2.87795936297519,0.37013762871505546,0.7857902247440375,57.19348316269166,6.109814726179704,False,True
21.18333333333341,22.93888888888886,51.008273641,2.878586757308916,0.3701340007944341,0.7857889908737169,57.19266058247797,6.111196967350405,False,True
21.200000000000077,22.93333333333331,51.008273641,2.879214026857807,0.3701303613087343,0.7857877468847421,57.191831256494716,6.112579078797533,False,True
21.216666666666743,22.927777777777752,51.008273641,2.8798411716962913,0.37012671025697946,0.7857864927818433,57.190995187895545,6.113961060807583,False,True
21.23333333333341,22.922222222222196,51.008273641,2.880468191898722,0.37012304763818527,0.7857852285697468,57.19015237983118,6.115342913667034,False,True
21.250000000000075,22.916666666666643,51.008273641,2.8810950875393777,0.3701193734513608,0.785783954253174,57.189302835449375,6.1167246376623385,False,True
21.26666666666674,22.911111111111087,51.008273641,2.881721858692465,0.37011568769550823,0.7857826698368423,57.18844655789489,6.118106233079928,False,True
21.283333333333406,22.90555555555553,51.008273641,2.882348505432115,0.3701119903696219,0.7857813753254643,57.1875835503096,6.11948770020622,False,True
21.30000000000007,22.899999999999977,51.008273641,2.8829750278323867,0.37010828147269,0.7857800707237486,57.18671381583243,6.120869039327602,False,True
21.316666666666737,22.89444444444442,51.008273641,2.8836014259672655,0.3701045610036933,0.7857787560363989,57.18583735759929,6.122250250730448,False,True
21.333333333333403,22.888888888888864,51.008273641,2.8842276999106624,0.37010082896160573,0.7857774312681148,57.18495417874321,6.123631334701106,False,True
21.35000000000007,22.88333333333331,51.008273641,2.884853849736415,0.3700970853453934,0.7857760964235915,57.184064282394345,6.125012291525916,False,True
21.366666666666735,22.877777777777755,51.008273641,2.885479875518291,0.37009333015401674,0.7857747515075196,57.18316767167978,6.126393121491183,False,True
21.3833333333334,22.8722222222222,51.008273641,2.8861057773299796,0.3700895633864279,0.7857733965245857,57.1822643497238,6.127773824883207,False,True
21.400000000000066,22.866666666666646,51.008273641,2.886731555245102,0.3700857850415731,0.7857720314794715,57.1813543196477,6.1291544019882584,False,True
21.416666666666732,22.86111111111109,51.008273641,2.8873572093372046,0.37008199511839057,0.7857706563768548,57.18043758456989,6.130534853092601,False,True
21.433333333333398,22.855555555555533,51.008273641,2.88798273967976,0.37007819361581196,0.7857692712214087,57.17951414760585,6.131915178482473,False,True
21.450000000000063,22.84999999999998,51.008273641,2.8886081463461704,0.3700743805327621,0.7857678760178022,57.178584011868175,6.133295378444095,False,True
21.46666666666673,22.844444444444424,51.008273641,2.889233429409764,0.37007055586815835,0.7857664707706997,57.17764718046649,6.134675453263679,False,True
21.483333333333395,22.838888888888867,51.008273641,2.8898585889437967,0.3700667196209114,0.7857650554847614,57.17670365650761,6.13605540322741,False,True
21.50000000000006,22.833333333333314,51.008273641,2.890483625021452,0.37006287178992475,0.7857636301646431,57.175753443095424,6.137435228621467,False,True
21.516666666666726,22.827777777777758,51.008273641,2.8911085377158425,0.3700590123740953,0.7857621948149962,57.17479654333084,6.138814929731999,False,True
21.533333333333392,22.8222222222222,51.008273641,2.891733327100007,0.3700551413723122,0.7857607494404679,57.173832960312,6.140194506845156,False,True
21.550000000000058,22.81666666666665,51.008273641,2.8923579932469123,0.3700512587834581,0.7857592940457011,57.17286269713411,6.141573960247065,False,True
21.566666666666723,22.811111111111092,51.008273641,2.892982536229455,0.3700473646064088,0.7857578286353342,57.17188575688946,6.142953290223836,False,True
21.58333333333339,22.805555555555536,51.008273641,2.893606956120458,0.3700434588400327,0.7857563532140013,57.17090214266754,6.144332497061568,False,True
21.600000000000055,22.799999999999983,51.008273641,2.8942312529926726,0.3700395414831914,0.7857548677863323,57.16991185755488,6.145711581046344,False,True
21.61666666666672,22.794444444444427,51.008273641,2.8948554269187805,0.3700356125347393,0.7857533723569528,57.1689149046352,6.14709054246424,False,True
21.633333333333386,22.78888888888887,51.008273641,2.895479477971389,0.37003167199352444,0.7857518669304839,57.167911286989316,6.148469381601305,False,True
21.650000000000052,22.783333333333317,51.008273641,2.896103406223036,0.3700277198583871,0.7857503515115428,57.1669010076952,6.149848098743588,False,True
21.666666666666718,22.77777777777776,51.008273641,2.8967272117461884,0.37002375612816096,0.785748826104742,57.16588406982799,6.151226694177124,False,True
21.683333333333383,22.772222222222204,51.008273641,2.897350894613239,0.3700197808016727,0.7857472907146898,57.164860476459914,6.152605168187927,False,True
21.70000000000005,22.76666666666665,51.008273641,2.897974454896512,0.3700157938777416,0.7857457453459905,57.16383023066038,6.153983521062014,False,True
21.716666666666715,22.761111111111095,51.008273641,2.8985978926682603,0.37001179535518075,0.7857441900032439,57.16279333549596,6.155361753085374,False,True
21.73333333333338,22.75555555555554,51.008273641,2.8992212080006654,0.3700077852327957,0.7857426246910455,57.16174979403037,6.1567398645439955,False,True
21.750000000000046,22.749999999999986,51.008273641,2.8998444009658377,0.3700037635093853,0.7857410494139867,57.160699609324475,6.1581178557238525,False,True
21.766666666666712,22.74444444444443,51.008273641,2.9004674716358174,0.3699997301837412,0.7857394641766544,57.159642784436315,6.159495726910908,False,True
21.783333333333378,22.738888888888873,51.008273641,2.901090420082573,0.3699956852546478,0.7857378689836316,57.15857932242111,6.160873478391124,False,True
21.800000000000043,22.73333333333332,51.008273641,2.901713246378004,0.3699916287208836,0.7857362638394968,57.157509226331214,6.162251110450436,False,True
21.81666666666671,22.727777777777764,51.008273641,2.9023359505939386,0.3699875605812187,0.7857346487488243,57.156432499216216,6.163628623374789,False,True
21.833333333333375,22.722222222222207,51.008273641,2.902958532802135,0.3699834808344177,0.7857330237161841,57.155349144122795,6.1650060174501,False,True
21.85000000000004,22.716666666666654,51.008273641,2.9035809930742795,0.36997938947923675,0.7857313887461423,57.15425916409493,6.166383292962299,False,True
21.866666666666706,22.711111111111098,51.008273641,2.9042033314819906,0.3699752865144263,0.7857297438432606,57.15316256217369,6.167760450197288,False,True
21.883333333333372,22.70555555555554,51.008273641,2.9048255480968153,0.3699711719387289,0.7857280890120961,57.1520593413974,6.169137489440975,False,True
21.900000000000038,22.69999999999999,51.008273641,2.9054476429902305,0.36996704575088085,0.7857264242572023,57.15094950480152,6.170514410979251,False,True
21.916666666666703,22.694444444444432,51.008273641,2.9060696162336446,0.3699629079496114,0.7857247495831281,57.14983305541873,6.171891215098002,False,True
21.93333333333337,22.688888888888876,51.008273641,2.9066914678983955,0.36995875853364224,0.7857230649944184,57.148709996278946,6.173267902083118,False,True
21.950000000000035,22.683333333333323,51.008273641,2.90731319805575,0.3699545975016887,0.7857213704956139,57.147580330409234,6.174644472220467,False,True
21.9666666666667,22.677777777777766,51.008273641,2.907934806776907,0.36995042485245916,0.7857196660912509,57.146444060833915,6.176020925795917,False,True
21.983333333333366,22.67222222222221,51.008273641,2.9085562941329965,0.3699462405846545,0.7857179517858617,57.14530119057451,6.177397263095338,False,True
22.000000000000032,22.666666666666657,51.008273641,2.9091776601950756,0.3699420446969693,0.7857162275839745,57.144151722649724,6.178773484404582,False,True
22.016666666666698,22.6611111111111,51.008273641,2.909798905034137,0.3699378371880907,0.7857144934901132,57.14299566007555,6.180149590009509,False,True
22.033333333333363,22.655555555555544,51.008273641,2.9104200287210995,0.36993361805669916,0.7857127495087977,57.14183300586515,6.181525580195962,False,True
22.05000000000003,22.64999999999999,51.008273641,2.9110410313268167,0.36992938730146824,0.7857109956445434,57.14066376302891,6.182901455249791,False,True
22.066666666666695,22.644444444444435,51.008273641,2.9116619129220696,0.36992514492106454,0.7857092319018617,57.1394879345745,6.184277215456828,False,True
22.08333333333336,22.63888888888888,51.008273641,2.9122826735775744,0.3699208909141472,0.7857074582852601,57.13830552350677,6.185652861102925,False,True
22.100000000000026,22.633333333333326,51.008273641,2.9129033133639735,0.3699166252793697,0.7857056747992417,57.13711653282781,6.187028392473898,False,True
22.116666666666692,22.62777777777777,51.008273641,2.913523832351845,0.3699123480153768,0.7857038814483056,57.13592096553705,6.188403809855596,False,True
22.133333333333358,22.622222222222213,51.008273641,2.9141442306116963,0.3699080591208079,0.7857020782369465,57.134718824631015,6.189779113533839,False,True
22.150000000000023,22.61666666666666,51.008273641,2.914764508213965,0.3699037585942949,0.7857002651696553,57.13351011310356,6.19115430379445,False,True
22.16666666666669,22.611111111111104,51.008273641,2.915384665229023,0.3698994464344621,0.7856984422509188,57.13229483394584,6.19252938092327,False,True
22.183333333333355,22.605555555555547,51.008273641,2.916004701727173,0.369895122639928,0.7856966094852192,57.13107299014617,6.1939043452061116,False,True
22.20000000000002,22.599999999999994,51.008273641,2.9166246177786466,0.36989078720930374,0.7856947668770352,57.12984458469018,6.195279196928796,False,True
22.216666666666686,22.594444444444438,51.008273641,2.917244413453612,0.36988644014119304,0.7856929144308411,57.12860962056075,6.1966539363771584,False,True
22.233333333333352,22.58888888888888,51.008273641,2.917864088822166,0.3698820814341936,0.785691052151107,57.12736810073804,6.19802856383701,False,True
22.250000000000018,22.58333333333333,51.008273641,2.9184836439543367,0.36987771108689527,0.7856891800422992,57.12612002819948,6.199403079594178,False,True
22.266666666666683,22.577777777777772,51.008273641,2.919103078920088,0.3698733290978818,0.7856872981088796,57.12486540591976,6.200777483934486,False,True
22.28333333333335,22.572222222222216,51.008273641,2.9197223937893133,0.36986893546572924,0.7856854063553063,57.123604236870875,6.202151777143762,False,True
22.300000000000015,22.566666666666663,51.008273641,2.9203415886318376,0.3698645301890076,0.7856835047860331,57.122336524022046,6.203525959507823,False,True
22.31666666666668,22.561111111111106,51.008273641,2.9209606635174206,0.3698601132662789,0.7856815934055098,57.12106227033987,6.204900031312509,False,True
22.333333333333346,22.55555555555555,51.008273641,2.9215796185157523,0.3698556846960994,0.7856796722181822,57.11978147878817,6.206273992843637,False,True
22.350000000000012,22.549999999999997,51.008273641,2.922198453696457,0.36985124447701767,0.7856777412284921,57.11849415232805,6.207647844387045,False,True
22.366666666666678,22.54444444444444,51.008273641,2.922817169129091,0.36984679260757547,0.7856758004408769,57.11720029391796,6.209021586228568,False,True
22.383333333333344,22.538888888888884,51.008273641,2.923435764883142,0.3698423290863079,0.7856738498597704,57.115899906513626,6.210395218654041,False,True
22.40000000000001,22.53333333333333,51.008273641,2.9240542410280326,0.36983785391174323,0.7856718894896021,57.11459299306806,6.211768741949301,False,True
22.416666666666675,22.527777777777775,51.008273641,2.924672597633117,0.3698333670824022,0.7856699193347975,57.11327955653162,6.213142156400201,False,True
22.43333333333334,22.52222222222222,51.008273641,2.9252908347676834,0.3698288685967992,0.7856679393997779,57.11195959985196,6.214515462292587,False,True
22.450000000000006,22.516666666666666,51.008273641,2.925908952500952,0.36982435845344186,0.785665949688961,57.11063312597401,6.2158886599123075,False,True
22.466666666666672,22.51111111111111,51.008273641,2.926526950902077,0.3698198366508303,0.78566395020676,57.10930013784008,6.217261749545226,False,True
22.483333333333338,22.505555555555553,51.008273641,2.9271448300401453,0.36981530318745803,0.7856619409575847,57.10796063838978,6.218634731477207,False,True
22.500000000000004,22.5,51.008273641,2.927762589984177,0.3698107580618119,0.78565992194584,57.10661463056002,6.220007605994113,False,True
22.51666666666667,22.494444444444444,51.008273641,2.928380230803127,0.3698062012723716,0.7856578931759276,57.10526211728505,6.221380373381824,False,True
22.533333333333335,22.488888888888887,51.008273641,2.9289977525658824,0.36980163281760997,0.7856558546522447,57.10390310149649,6.22275303392622,False,True
22.55,22.483333333333334,51.008273641,2.9296151553412635,0.36979705269599283,0.7856538063791848,57.10253758612323,6.224125587913188,False,True
22.566666666666666,22.477777777777778,51.008273641,2.930232439198027,0.36979246090597956,0.7856517483611373,57.10116557409155,6.225498035628622,False,True
22.583333333333332,22.47222222222222,51.008273641,2.9308496042048597,0.36978785744602194,0.7856496806024876,57.09978706832507,6.226870377358429,False,True
22.599999999999998,22.46666666666667,51.008273641,2.9314666504303855,0.36978324231456555,0.785647603107617,57.0984020717447,6.228242613388512,False,True
22.616666666666664,22.461111111111112,51.008273641,2.932083577943161,0.3697786155100487,0.7856455158809031,57.09701058726877,6.229614744004793,False,True
22.63333333333333,22.455555555555556,51.008273641,2.9327003868116757,0.36977397703090265,0.7856434189267194,57.09561261781296,6.230986769493201,False,True
22.649999999999995,22.450000000000003,51.008273641,2.933317077104354,0.36976932687555214,0.7856413122494353,57.09420816629025,6.232358690139668,False,True
22.66666666666666,22.444444444444446,51.008273641,2.9339336488895573,0.369764665042415,0.7856391958534165,57.092797235611016,6.23373050623014,False,True
22.683333333333326,22.43888888888889,51.008273641,2.9345501022355776,0.369759991529902,0.7856370697430245,57.091379828682996,6.23510221805057,False,True
22.699999999999992,22.433333333333337,51.008273641,2.935166437210642,0.36975530633641707,0.7856349339226169,57.08995594841127,6.236473825886922,False,True
22.716666666666658,22.42777777777778,51.008273641,2.935782653882914,0.36975060946035715,0.7856327883965475,57.08852559769836,6.237845330025173,False,True
22.733333333333324,22.422222222222224,51.008273641,2.9363987523204904,0.3697459009001125,0.7856306331691661,57.08708877944409,6.2392167307513065,False,True
22.74999999999999,22.41666666666667,51.008273641,2.9370147325914027,0.3697411806540666,0.7856284682448185,57.08564549654566,6.240588028351315,False,True
22.766666666666655,22.411111111111115,51.008273641,2.9376305947636174,0.3697364487205958,0.7856262936278465,57.08419575189768,6.241959223111208,False,True
22.78333333333332,22.40555555555556,51.008273641,2.9382463389050355,0.3697317050980694,0.7856241093225882,57.08273954839217,6.2433303153170066,False,True
22.799999999999986,22.400000000000006,51.008273641,2.9388619650834937,0.36972694978485027,0.7856219153333777,57.081276888918474,6.244701305254741,False,True
22.816666666666652,22.39444444444445,51.008273641,2.9394774733667632,0.36972218277929425,0.785619711664545,57.07980777636338,6.246072193210451,False,True
22.833333333333318,22.388888888888893,51.008273641,2.9400928638225503,0.3697174040797499,0.7856174983204165,57.07833221361104,6.2474429794702,False,True
22.849999999999984,22.38333333333334,51.008273641,2.9407081365184964,0.36971261368456,0.7856152753053145,57.076850203542996,6.248813664320046,False,True
22.86666666666665,22.377777777777784,51.008273641,2.94132329152218,0.369707811592059,0.7856130426235572,57.07536174903821,6.250184248046082,False,True
22.883333333333315,22.372222222222227,51.008273641,2.941938328901111,0.36970299780057536,0.7856108002794596,57.07386685297311,6.251554730934403,False,True
22.89999999999998,22.366666666666674,51.008273641,2.942553248722739,0.3696981723084307,0.7856085482773321,57.07236551822138,6.2529251132711146,False,True
22.916666666666647,22.361111111111118,51.008273641,2.943168051054447,0.3696933351139395,0.7856062866214814,57.070857747654244,6.254295395342346,False,True
22.933333333333312,22.35555555555556,51.008273641,2.9437827359635547,0.3696884862154091,0.7856040153162105,57.069343544140324,6.255665577434243,False,True
22.949999999999978,22.35000000000001,51.008273641,2.9443973035173148,0.36968362561114093,0.7856017343658184,57.06782291054559,6.2570356598329475,False,True
22.966666666666644,22.344444444444452,51.008273641,2.94501175378292,0.3696787532994287,0.7855994437746002,57.066295849733486,6.258405642824639,False,True
22.98333333333331,22.338888888888896,51.008273641,2.9456260868274966,0.3696738692785594,0.7855971435468473,57.0647623645649,6.2597755266955035,False,True
22.999999999999975,22.333333333333343,51.008273641,2.946240302718106,0.369668973546813,0.7855948336868471,57.06322245789812,6.261145311731751,False,True
23.01666666666664,22.327777777777786,51.008273641,2.946854401521748,0.36966406610246344,0.7855925141988832,57.061676132588836,6.26251499821959,False,True
23.033333333333307,22.32222222222223,51.008273641,2.9474683833053565,0.3696591469437768,0.7855901850872353,57.06012339149025,6.263884586445267,False,True
23.049999999999972,22.316666666666677,51.008273641,2.9480822481358033,0.3696542160690129,0.7855878463561793,57.0585642374529,6.265254076695031,False,True
23.066666666666638,22.31111111111112,51.008273641,2.948695996079895,0.3696492734764242,0.7855854980099873,57.05699867332489,6.266623469255164,False,True
23.083333333333304,22.305555555555564,51.008273641,2.949309627204376,0.36964431916425705,0.7855831400529274,57.05542670195163,6.267992764411944,False,True
23.09999999999997,22.30000000000001,51.008273641,2.949923141575926,0.3696393531307503,0.7855807724892642,57.053848326176094,6.269361962451688,False,True
23.116666666666635,22.294444444444455,51.008273641,2.9505365392611624,0.369634375374136,0.785578395323258,57.05226354883865,6.270731063660723,False,True
23.1333333333333,22.2888888888889,51.008273641,2.9511498203266386,0.3696293858926399,0.7855760085591657,57.050672372777136,6.272100068325393,False,True
23.149999999999967,22.283333333333346,51.008273641,2.951762984838845,0.3696243846844798,0.7855736122012402,57.04907480082686,6.273468976732075,False,True
23.166666666666632,22.27777777777779,51.008273641,2.9523760328642084,0.369619371747868,0.7855712062537308,57.047470835820526,6.274837789167143,False,True
23.183333333333298,22.272222222222233,51.008273641,2.952988964469093,0.36961434708100904,0.7855687907208826,57.04586048058841,6.27620650591701,False,True
23.199999999999964,22.26666666666668,51.008273641,2.9536017797197998,0.36960931068210073,0.7855663656069372,57.04424373795815,6.277575127268103,False,True
23.21666666666663,22.261111111111124,51.008273641,2.9542144786825673,0.3696042625493342,0.7855639309161324,57.04262061075494,6.278943653506874,False,True
23.233333333333295,22.255555555555567,51.008273641,2.9548270614235705,0.3695992026808935,0.7855614866527021,57.040991101801396,6.2803120849197915,False,True
23.24999999999996,22.250000000000014,51.008273641,2.9554395280089225,0.3695941310749562,0.7855590328208764,57.03935521391762,6.281680421793347,False,True
23.266666666666627,22.244444444444458,51.008273641,2.956051878504673,0.3695890477296929,0.7855565694248818,57.037712949921215,6.283048664414052,False,True
23.283333333333292,22.2388888888889,51.008273641,2.9566641129768088,0.36958395264326693,0.7855540964689409,57.03606431262725,6.2844168130684475,False,True
23.299999999999958,22.23333333333335,51.008273641,2.9572762314912553,0.3695788458138353,0.7855516139572725,57.03440930484829,6.2857848680430894,False,True
23.316666666666624,22.227777777777792,51.008273641,2.9578882341138755,0.3695737272395479,0.7855491218940915,57.032747929394375,6.287152829624563,False,True
23.33333333333329,22.222222222222236,51.008273641,2.958500120910469,0.3695685969185479,0.7855466202836096,57.031080189073066,6.288520698099473,False,True
23.349999999999955,22.216666666666683,51.008273641,2.959111891946773,0.36956345484897146,0.785544109130034,57.02940608668939,6.289888473754447,False,True
23.36666666666662,22.211111111111126,51.008273641,2.9597235472884647,0.3695583010289481,0.7855415884375688,57.027725625045925,6.291256156876142,False,True
23.383333333333287,22.20555555555557,51.008273641,2.9603350870011576,0.36955313545660023,0.785539058210414,57.02603880694267,6.2926237477512394,False,True
23.399999999999952,22.200000000000017,51.008273641,2.9609465111504014,0.3695479581300438,0.7855365184527658,57.02434563517721,6.293991246666435,False,True
23.416666666666618,22.19444444444446,51.008273641,2.9615578198016888,0.3695427690473874,0.7855339691688169,57.02264611254461,6.295358653908466,False,True
23.433333333333284,22.188888888888904,51.008273641,2.9621690130204454,0.36953756820673317,0.7855314103627561,57.02094024183744,6.296725969764085,False,True
23.44999999999995,22.18333333333335,51.008273641,2.962780090872038,0.36953235560617653,0.7855288420387686,57.01922802584578,6.2980931945200656,False,True
23.466666666666615,22.177777777777795,51.008273641,2.9633910534217724,0.36952713124380565,0.7855262642010359,57.01750946735724,6.299460328463225,False,True
23.48333333333328,22.17222222222224,51.008273641,2.9640019007348903,0.3695218951177019,0.7855236768537355,57.015784569157,6.300827371880392,False,True
23.499999999999947,22.166666666666686,51.008273641,2.9646126328765727,0.3695166472259401,0.7855210800010415,57.01405333402768,6.302194325058427,False,True
23.516666666666612,22.16111111111113,51.008273641,2.9652232499119413,0.3695113875665881,0.7855184736471242,57.012315764749474,6.30356118828422,False,True
23.533333333333278,22.155555555555573,51.008273641,2.965833751906053,0.3695061161377066,0.7855158577961502,57.010571864100136,6.304927961844689,False,True
23.549999999999944,22.15000000000002,51.008273641,2.966444138923906,0.36950083293735014,0.7855132324522823,57.00882163485487,6.306294646026773,False,True
23.56666666666661,22.144444444444463,51.008273641,2.967054411030436,0.36949553796356577,0.7855105976196798,57.007065079786535,6.30766124111745,False,True
23.583333333333275,22.138888888888907,51.008273641,2.9676645682905196,0.3694902312143939,0.7855079533024981,57.00530220166542,6.309027747403721,False,True
23.59999999999994,22.133333333333354,51.008273641,2.9682746107689693,0.36948491268786826,0.7855052995048891,57.003533003259435,6.3103941651726165,False,True
23.616666666666607,22.127777777777798,51.008273641,2.9688845385305385,0.3694795823820157,0.7855026362310009,57.00175748733399,6.3117604947111925,False,True
23.633333333333272,22.12222222222224,51.008273641,2.969494351639921,0.36947424029485604,0.7854999634849781,56.99997565665209,6.31312673630655,False,True
23.649999999999938,22.11666666666669,51.008273641,2.9701040501617455,0.3694688864244023,0.7854972812709614,56.99818751397427,6.314492890245802,False,True
23.666666666666604,22.111111111111132,51.008273641,2.9707136341605853,0.36946352076866096,0.7854945895930879,56.996393062058615,6.315858956816103,False,True
23.68333333333327,22.105555555555576,51.008273641,2.97132310370095,0.36945814332563115,0.7854918884554912,56.99459230366081,6.3172249363046395,False,True
23.699999999999935,22.100000000000023,51.008273641,2.9719324588472875,0.3694527540933059,0.785489177862301,56.992785241534015,6.318590828998613,False,True
23.7166666666666,22.094444444444466,51.008273641,2.97254169966399,0.3694473530696705,0.7854864578176436,56.99097187842908,6.319956635185286,False,True
23.733333333333267,22.08888888888891,51.008273641,2.973150826215384,0.3694419402527042,0.7854837283256415,56.98915221709432,6.321322355151927,False,True
23.749999999999932,22.083333333333357,51.008273641,2.9737598385657384,0.36943651564037894,0.7854809893904136,56.98732626027569,6.322687989185845,False,True
23.766666666666598,22.0777777777778,51.008273641,2.9743687367792626,0.3694310792306601,0.785478241016075,56.98549401071664,6.324053537574389,False,True
23.783333333333264,22.072222222222244,51.008273641,2.974977520920104,0.36942563102150605,0.7854754832067374,56.98365547115832,6.32541900060493,False,True
23.79999999999993,22.06666666666669,51.008273641,2.9755861910523502,0.3694201710108683,0.785472715966509,56.98181064433936,6.326784378564882,False,True
23.816666666666595,22.061111111111135,51.008273641,2.97619474724003,0.3694146991966914,0.785469939299494,56.97995953299606,6.328149671741694,False,True
23.83333333333326,22.05555555555558,51.008273641,2.976803189547111,0.36940921557691353,0.7854671532097933,56.97810213986221,6.329514880422838,False,True
23.849999999999927,22.050000000000026,51.008273641,2.9774115180375023,0.369403720149466,0.7854643577015039,56.97623846766925,6.330880004895823,False,True
23.866666666666593,22.04444444444447,51.008273641,2.978019732775051,0.3693982129122726,0.7854615527787193,56.97436851914621,6.332245045448202,False,True
23.88333333333326,22.038888888888913,51.008273641,2.978627833823548,0.36939269386325085,0.7854587384455296,56.97249229701974,6.333610002367562,False,True
23.899999999999924,22.03333333333336,51.008273641,2.9792358212467214,0.3693871630003115,0.785455914706021,56.970609804014046,6.3349748759415165,False,True
23.91666666666659,22.027777777777803,51.008273641,2.979843695108241,0.3693816203213583,0.7854530815642764,56.96872104285093,6.336339666457722,False,True
23.933333333333255,22.022222222222247,51.008273641,2.9804514554717176,0.36937606582428806,0.7854502390243748,56.96682601624987,6.337704374203868,False,True
23.94999999999992,22.016666666666694,51.008273641,2.981059102400702,0.36937049950699086,0.7854473870903919,56.964924726927904,6.3390689994676865,False,True
23.966666666666587,22.011111111111138,51.008273641,2.9816666359586863,0.36936492136734994,0.7854445257663994,56.963017177599674,6.3404335425369425,False,True
23.983333333333253,22.00555555555558,51.008273641,2.982274056209102,0.3693593314032419,0.7854416550564661,56.96110337097746,6.341798003699435,False,True
23.99999999999992,22.00000000000003,51.008273641,2.982881363215323,0.3693537296125362,0.7854387749646567,56.95918330977118,6.3431623832430075,False,True
24.016666666666584,21.994444444444472,51.008273641,2.983488557040664,0.3693481159930956,0.7854358854950324,56.9572569966883,6.34452668145554,False,True
24.03333333333325,21.988888888888916,51.008273641,2.9840956377483807,0.36934249054277596,0.785432986651651,56.95532443443402,6.34589089862495,False,True
24.049999999999915,21.983333333333363,51.008273641,2.9847026054016683,0.3693368532594263,0.7854300784385666,56.953385625711086,6.347255035039197,False,True
24.06666666666658,21.977777777777806,51.008273641,2.9853094600636654,0.3693312041408893,0.7854271608598298,56.951440573219884,6.348619090986266,False,True
24.083333333333247,21.97222222222225,51.008273641,2.9859162017974508,0.36932554318500016,0.7854242339194877,56.94948927965844,6.349983066754203,False,True
24.099999999999913,21.966666666666697,51.008273641,2.9865228306660434,0.36931987038958725,0.7854212976215837,56.94753174772249,6.351346962631081,False,True
24.11666666666658,21.96111111111114,51.008273641,2.9871293467324067,0.3693141857524727,0.7854183519701579,56.945567980105274,6.352710778905012,False,True
24.133333333333244,21.955555555555584,51.008273641,2.9877357500594433,0.3693084892714714,0.7854153969692466,56.94359797949775,6.354074515864155,False,True
24.14999999999991,21.95000000000003,51.008273641,2.988342040709997,0.36930278094439123,0.7854124326228829,56.94162174858858,6.355438173796711,False,True
24.166666666666575,21.944444444444475,51.008273641,2.988948218746855,0.36929706076903385,0.785409458935096,56.93963929006395,6.356801752990913,False,True
24.18333333333324,21.93888888888892,51.008273641,2.989554284232745,0.3692913287431932,0.7854064759099117,56.93765060660782,6.3581652537350495,False,True
24.199999999999907,21.933333333333366,51.008273641,2.990160237230336,0.3692855848646574,0.7854034835513525,56.93565570090168,6.359528676317436,False,True
24.216666666666573,21.92777777777781,51.008273641,2.9907660778022405,0.36927982913120705,0.7854004818634371,56.9336545756248,6.360892021026439,False,True
24.23333333333324,21.922222222222253,51.008273641,2.9913718060110135,0.3692740615406159,0.785397470850181,56.93164723345403,6.362255288150476,False,True
24.249999999999904,21.9166666666667,51.008273641,2.9919774219191475,0.36926828209065155,0.7853944505155959,56.92963367706392,6.363618477977987,False,True
24.26666666666657,21.911111111111143,51.008273641,2.9925829255890823,0.3692624907790739,0.78539142086369,56.92761390912666,6.364981590797474,False,True
24.283333333333236,21.905555555555587,51.008273641,2.9931883170831974,0.3692566876036366,0.7853883818984682,56.92558793231214,6.366344626897475,False,True
24.2999999999999,21.900000000000034,51.008273641,2.993793596463815,0.3692508725620865,0.7853853336239318,56.923555749287914,6.367707586566571,False,True
24.316666666666567,21.894444444444478,51.008273641,2.994398763793199,0.3692450456521629,0.7853822760440787,56.921517362719186,6.369070470093396,False,True
24.333333333333233,21.88888888888892,51.008273641,2.995003819133557,0.36923920687159906,0.7853792091629033,56.919472775268886,6.370433277766621,False,True
24.3499999999999,21.88333333333337,51.008273641,2.9956087625470373,0.36923335621812126,0.7853761329843963,56.917421989597564,6.371796009874961,False,True
24.366666666666564,21.877777777777812,51.008273641,2.9962135940957326,0.36922749368944857,0.7853730475125453,56.91536500836354,6.373158666707186,False,True
24.38333333333323,21.872222222222256,51.008273641,2.996818313841677,0.3692216192832938,0.785369952751334,56.91330183422271,6.374521248552101,False,True
24.399999999999896,21.866666666666703,51.008273641,2.9974229218468467,0.3692157329973622,0.7853668487047432,56.91123246982877,6.375883755698569,False,True
24.41666666666656,21.861111111111146,51.008273641,2.9980274181731628,0.3692098348293529,0.7853637353767495,56.90915691783302,6.377246188435491,False,True
24.433333333333227,21.85555555555559,51.008273641,2.998631802882488,0.3692039247769577,0.7853606127713267,56.90707518088453,6.37860854705182,False,True
24.449999999999893,21.850000000000037,51.008273641,2.999236076036627,0.3691980028378619,0.7853574808924451,56.90498726163003,6.379970831836551,False,True
24.46666666666656,21.84444444444448,51.008273641,2.9998402376973297,0.36919206900974383,0.7853543397440709,56.90289316271393,6.381333043078734,False,True
24.483333333333224,21.838888888888924,51.008273641,3.0004442879262854,0.36918612329027506,0.7853511893301676,56.90079288677838,6.38269518106746,False,True
24.49999999999989,21.83333333333337,51.008273641,3.0010482267851315,0.36918016567712014,0.7853480296546949,56.898686436463244,6.384057246091878,False,True
24.516666666666556,21.827777777777815,51.008273641,3.0016520543354446,0.3691741961679367,0.7853448607216091,56.89657381440608,6.385419238441182,False,True
24.53333333333322,21.82222222222226,51.008273641,3.0022557706387465,0.36916821476037603,0.7853416825348633,56.894455023242166,6.386781158404609,False,True
24.549999999999887,21.816666666666706,51.008273641,3.002859375756501,0.3691622214520824,0.7853384950984067,56.89233006560445,6.388143006271448,False,True
24.566666666666553,21.81111111111115,51.008273641,3.003462869750117,0.36915621624069295,0.7853352984161854,56.89019894412367,6.389504782331044,False,True
24.58333333333322,21.805555555555593,51.008273641,3.0040662526809454,0.36915019912383806,0.7853320924921424,56.88806166142828,6.390866486872795,False,True
24.599999999999884,21.80000000000004,51.008273641,3.004669524610282,0.3691441700991416,0.7853288773302165,56.88591822014438,6.392228120186139,False,True
24.61666666666655,21.794444444444483,51.008273641,3.005272685599365,0.3691381291642204,0.7853256529343439,56.8837686228959,6.39358968256057,False,True
24.633333333333216,21.788888888888927,51.008273641,3.005875735709376,0.3691320763166843,0.7853224193084567,56.881612872304444,6.394951174285633,False,True
24.64999999999988,21.783333333333374,51.008273641,3.006478675001443,0.3691260115541367,0.785319176456484,56.87945097098933,6.396312595650928,False,True
24.666666666666547,21.777777777777818,51.008273641,3.007081503536635,0.36911993487417377,0.7853159243823514,56.87728292156766,6.397673946946103,False,True
24.683333333333213,21.77222222222226,51.008273641,3.0076842213759662,0.3691138462743851,0.7853126630899814,56.875108726654275,6.399035228460861,False,True
24.69999999999988,21.76666666666671,51.008273641,3.008286828580394,0.3691077457523534,0.7853093925832926,56.8729283888617,6.400396440484957,False,True
24.716666666666544,21.761111111111152,51.008273641,3.0088893252108218,0.3691016333056541,0.7853061128662003,56.87074191080026,6.401757583308203,False,True
24.73333333333321,21.755555555555596,51.008273641,3.009491711328095,0.3690955089318566,0.785302823942617,56.86854929507803,6.4031186572204595,False,True
24.749999999999876,21.750000000000043,51.008273641,3.0100939869930037,0.36908937262852315,0.7852995258164511,56.86635054430076,6.40447966251164,False,True
24.76666666666654,21.744444444444486,51.008273641,3.0106961522662834,0.3690832243932087,0.7852962184916081,56.86414566107207,6.40584059947172,False,True
24.783333333333207,21.73888888888893,51.008273641,3.011298207208613,0.3690770642234618,0.7852929019719899,56.86193464799325,6.407201468390723,False,True
24.799999999999873,21.733333333333377,51.008273641,3.011900151880615,0.3690708921168243,0.785289576261495,56.859717507663355,6.408562269558729,False,True
24.81666666666654,21.72777777777782,51.008273641,3.0125019863428597,0.36906470807083075,0.7852862413640188,56.85749424267925,6.40992300326588,False,True
24.833333333333204,21.722222222222264,51.008273641,3.013103710655858,0.3690585120830091,0.7852828972834532,56.855264855635525,6.411283669802367,False,True
24.84999999999987,21.71666666666671,51.008273641,3.0137053248800663,0.3690523041508807,0.7852795440236868,56.85302934912456,6.412644269458432,False,True
24.866666666666536,21.711111111111155,51.008273641,3.0143068290758888,0.3690460842719599,0.7852761815886047,56.85078772573645,6.414004802524383,False,True
24.8833333333332,21.7055555555556,51.008273641,3.014908223303671,0.36903985244375387,0.7852728099820887,56.84853998805912,6.415365269290583,False,True
24.899999999999867,21.700000000000045,51.008273641,3.0155095076237037,0.3690336086637629,0.7852694292080175,56.8462861386783,6.416725670047458,False,True
24.916666666666533,21.69444444444449,51.008273641,3.0161106820962256,0.3690273529294814,0.7852660392702661,56.8440261801774,6.418086005085477,False,True
24.9333333333332,21.688888888888933,51.008273641,3.016711746781416,0.3690210852383963,0.7852626401727065,56.84176011513766,6.41944627469517,False,True
24.949999999999864,21.68333333333338,51.008273641,3.0173127017394035,0.3690148055879872,0.7852592319192072,56.83948794613812,6.420806479167143,False,True
24.96666666666653,21.677777777777823,51.008273641,3.017913547030258,0.3690085139757275,0.7852558145136335,56.837209675755616,6.422166618792043,False,True
24.983333333333196,21.672222222222267,51.008273641,3.0185142827139977,0.36900221039908354,0.7852523879598471,56.834925306564735,6.42352669386058,False,True
24.99999999999986,21.666666666666714,51.008273641,3.0191149088505838,0.3689958948555149,0.7852489522617068,56.83263484113789,6.424886704663528,False,True
25.016666666666527,21.661111111111158,51.008273641,3.019715425499925,0.3689895673424746,0.7852455074230678,56.830338282045204,6.426246651491714,False,True
25.033333333333193,21.6555555555556,51.008273641,3.0203158327218738,0.36898322785740795,0.7852420534477821,56.828035631854725,6.427606534636034,False,True
25.04999999999986,21.65000000000005,51.008273641,3.0209161305762278,0.36897687639775417,0.7852385903396983,56.825726893132234,6.428966354387436,False,True
25.066666666666524,21.644444444444492,51.008273641,3.0215163191227328,0.3689705129609455,0.7852351181026619,56.8234120684413,6.430326111036934,False,True
25.08333333333319,21.638888888888935,51.008273641,3.0221163984210766,0.3689641375444071,0.785231636740515,56.82109116034335,6.431685804875602,False,True
25.099999999999856,21.633333333333383,51.008273641,3.0227163685308955,0.36895775014555793,0.7852281462570962,56.81876417139753,6.4330454361945675,False,True
25.11666666666652,21.627777777777826,51.008273641,3.0233162295117713,0.3689513507618087,0.7852246466562414,56.81643110416093,6.434405005285046,False,True
25.133333333333187,21.62222222222227,51.008273641,3.02391598142323,0.3689449393905651,0.7852211379417824,56.814091961188296,6.435764512438278,False,True
25.149999999999853,21.616666666666717,51.008273641,3.0245156243247435,0.3689385160292242,0.7852176201175485,56.811746745032345,6.4371239579456025,False,True
25.16666666666652,21.61111111111116,51.008273641,3.0251151582757325,0.3689320806751777,0.7852140931873652,56.80939545824351,6.438483342098394,False,True
25.183333333333184,21.605555555555604,51.008273641,3.025714583335561,0.36892563332580935,0.7852105571550551,56.807038103370076,6.439842665188109,False,True
25.19999999999985,21.60000000000005,51.008273641,3.0263138995635397,0.36891917397849694,0.7852070120244372,56.80467468295816,6.441201927506254,False,True
25.216666666666516,21.594444444444495,51.008273641,3.0269131070189275,0.36891270263061077,0.7852034577993275,56.8023051995517,6.442561129344415,False,True
25.23333333333318,21.58888888888894,51.008273641,3.027512205760925,0.36890621927951456,0.7851998944835387,56.799929655692424,6.443920270994222,False,True
25.249999999999847,21.583333333333385,51.008273641,3.028111195848683,0.368899723922565,0.78519632208088,56.797548053919996,6.445279352747392,False,True
25.266666666666513,21.57777777777783,51.008273641,3.0287100773412994,0.368893216557112,0.7851927405951578,56.79516039677183,6.446638374895699,False,True
25.28333333333318,21.572222222222273,51.008273641,3.0293088502978143,0.36888669718049866,0.7851891500301748,56.79276668678318,6.447997337730972,False,True
25.299999999999844,21.56666666666672,51.008273641,3.0299075147772174,0.3688801657900613,0.7851855503897307,56.79036692648717,6.4493562415451215,False,True
25.31666666666651,21.561111111111163,51.008273641,3.030506070838445,0.36887362238312926,0.7851819416776221,56.78796111841476,6.4507150866301135,False,True
25.333333333333176,21.555555555555607,51.008273641,3.0311045185403787,0.36886706695702515,0.7851783238976421,56.78554926509475,6.452073873277987,False,True
25.34999999999984,21.550000000000054,51.008273641,3.0317028579418475,0.3688604995090642,0.7851746970535807,56.78313136905383,6.453432601780853,False,True
25.366666666666507,21.544444444444498,51.008273641,3.032301089101628,0.36885392003655565,0.7851710611492246,56.78070743281645,6.4547912724308745,False,True
25.383333333333173,21.53888888888894,51.008273641,3.0328992120784424,0.36884732853680124,0.7851674161883574,56.77827745890496,6.4561498855202935,False,True
25.39999999999984,21.53333333333339,51.008273641,3.03349722693096,0.3688407250070962,0.7851637621747594,56.77584144983962,6.457508441341418,False,True
25.416666666666504,21.527777777777832,51.008273641,3.0340951337177984,0.36883410944472844,0.7851600991122077,56.773399408138495,6.45886694018663,False,True
25.43333333333317,21.522222222222275,51.008273641,3.03469293249752,0.36882748184697944,0.7851564270044762,56.770951336317474,6.460225382348368,False,True
25.449999999999836,21.516666666666723,51.008273641,3.0352906233286348,0.3688208422111238,0.7851527458553356,56.76849723689039,6.461583768119146,False,True
25.4666666666665,21.511111111111166,51.008273641,3.035888206269603,0.36881419053442904,0.7851490556685533,56.76603711236892,6.462942097791554,False,True
25.483333333333167,21.50555555555561,51.008273641,3.036485681378829,0.3688075268141558,0.7851453564478938,56.76357096526259,6.464300371658248,False,True
25.499999999999833,21.500000000000057,51.008273641,3.0370830487146634,0.36880085104755805,0.7851416481971182,56.76109879807879,6.4656585900119445,False,True
25.5166666666665,21.4944444444445,51.008273641,3.0376803083354096,0.3687941632318826,0.7851379309199842,56.75862061332284,6.467016753145451,False,True
25.533333333333164,21.488888888888944,51.008273641,3.038277460299312,0.36878746336436985,0.7851342046202467,56.75613641349787,6.468374861351626,False,True
25.54999999999983,21.48333333333339,51.008273641,3.038874504664566,0.36878075144225314,0.7851304693016573,56.753646201104914,6.469732914923404,False,True
25.566666666666496,21.477777777777835,51.008273641,3.039471441489316,0.36877402746275856,0.7851267249679643,56.75114997864292,6.471090914153809,False,True
25.58333333333316,21.47222222222228,51.008273641,3.04006827083165,0.3687672914231057,0.785122971622913,56.7486477486087,6.472448859335916,False,True
25.599999999999827,21.466666666666725,51.008273641,3.040664992749607,0.36876054332050734,0.7851192092702454,56.74613951349691,6.47380675076288,False,True
25.616666666666493,21.46111111111117,51.008273641,3.0412616073011725,0.3687537831521693,0.7851154379137002,56.74362527580017,6.475164588727927,False,True
25.63333333333316,21.455555555555613,51.008273641,3.0418581145442793,0.3687470109152901,0.7851116575570134,56.74110503800897,6.476522373524367,False,True
25.649999999999824,21.45000000000006,51.008273641,3.0424545145368094,0.36874022660706224,0.7851078682039174,56.73857880261163,6.477880105445568,False,True
25.66666666666649,21.444444444444503,51.008273641,3.043050807336592,0.36873343022467026,0.7851040698581417,56.73604657209451,6.479237784784987,False,True
25.683333333333156,21.438888888888947,51.008273641,3.0436469930014054,0.3687266217652932,0.7851002625234126,56.73350834894171,6.4805954118361395,False,True
25.69999999999982,21.433333333333394,51.008273641,3.0442430715889732,0.3687198012261016,0.785096446203453,56.730964135635354,6.481952986892632,False,True
25.716666666666487,21.427777777777838,51.008273641,3.044839043156971,0.3687129686042607,0.7850926209019831,56.728413934655386,6.483310510248131,False,True
25.733333333333153,21.42222222222228,51.008273641,3.0454349077630205,0.36870612389692764,0.7850887866227196,56.72585774847975,6.484667982196395,False,True
25.74999999999982,21.41666666666673,51.008273641,3.046030665464691,0.36869926710125334,0.7850849433693763,56.723295579584175,6.486025403031242,False,True
25.766666666666485,21.411111111111172,51.008273641,3.046626316319502,0.3686923982143816,0.7850810911456636,56.72072743044245,6.487382773046578,False,True
25.78333333333315,21.405555555555615,51.008273641,3.0472218603849206,0.3686855172334494,0.7850772299552893,56.71815330352617,6.488740092536383,False,True
25.799999999999816,21.400000000000063,51.008273641,3.047817297718362,0.3686786241555869,0.7850733598019574,56.715573201304906,6.490097361794708,False,True
25.81666666666648,21.394444444444506,51.008273641,3.0484126283771906,0.36867171897791706,0.7850694806893692,56.71298712624613,6.491454581115691,False,True
25.833333333333147,21.38888888888895,51.008273641,3.0490078524187196,0.36866480169755617,0.7850655926212229,56.71039508081523,6.492811750793544,False,True
25.849999999999813,21.383333333333397,51.008273641,3.0496029699002096,0.3686578723116139,0.7850616956012133,56.70779706747553,6.494168871122549,False,True
25.86666666666648,21.37777777777784,51.008273641,3.0501979808788717,0.3686509308171928,0.7850577896330324,56.705193088688276,6.495525942397076,False,True
25.883333333333145,21.372222222222284,51.008273641,3.050792885411865,0.36864397721138814,0.7850538747203689,56.70258314691266,6.496882964911577,False,True
25.89999999999981,21.36666666666673,51.008273641,3.0513876835562965,0.36863701149128886,0.7850499508669087,56.69996724460579,6.498239938960573,False,True
25.916666666666476,21.361111111111175,51.008273641,3.0519823753692243,0.36863003365397673,0.7850460180763341,56.69734538422274,6.499596864838672,False,True
25.93333333333314,21.35555555555562,51.008273641,3.0525769609076545,0.3686230436965267,0.7850420763523247,56.69471756821649,6.500953742840559,False,True
25.949999999999807,21.350000000000065,51.008273641,3.0531714402285406,0.36861604161600686,0.7850381256985569,56.692083799037974,6.502310573260997,False,True
25.966666666666473,21.34444444444451,51.008273641,3.0537658133887886,0.3686090274094782,0.7850341661187041,56.689444079136074,6.503667356394839,False,True
25.98333333333314,21.338888888888953,51.008273641,3.054360080445251,0.3686020010739951,0.7850301976164364,56.68679841095761,6.505024092537007,False,True
25.999999999999805,21.3333333333334,51.008273641,3.0549542414547304,0.36859496260660485,0.785026220195421,56.684146796947346,6.506380781982513,False,True
26.01666666666647,21.327777777777843,51.008273641,3.0555482964739786,0.36858791200434804,0.785022233859322,56.681489239548,6.507737425026441,False,True
26.033333333333136,21.322222222222287,51.008273641,3.056142245559698,0.36858084926425766,0.7850182386118004,56.67882574120029,6.509094021963981,False,True
26.0499999999998,21.316666666666734,51.008273641,3.0567360887685386,0.368573774383361,0.7850142344565142,56.676156304342804,6.510450573090371,False,True
26.066666666666467,21.311111111111178,51.008273641,3.057329826157101,0.36856668735867726,0.7850102213971182,56.673480931412165,6.511807078700961,False,True
26.083333333333133,21.30555555555562,51.008273641,3.0579234577819356,0.3685595881872195,0.7850061994372644,56.670799624842935,6.513163539091171,False,True
26.0999999999998,21.300000000000068,51.008273641,3.0585169836995414,0.36855247686599374,0.7850021685806013,56.668112387067595,6.514519954556502,False,True
26.116666666666465,21.294444444444512,51.008273641,3.0591104039663684,0.36854535339199823,0.784998128830775,56.66541922051669,6.515876325392559,False,True
26.13333333333313,21.288888888888955,51.008273641,3.0597037186388145,0.36853821776222634,0.7849940801914279,56.662720127618584,6.51723265189499,False,True
26.149999999999796,21.283333333333402,51.008273641,3.0602969277732304,0.3685310699736618,0.7849900226661997,56.66001511079979,6.518588934359585,False,True
26.166666666666462,21.277777777777846,51.008273641,3.0608900314259135,0.3685239100232837,0.7849859562587269,56.65730417248466,6.519945173082166,False,True
26.183333333333128,21.27222222222229,51.008273641,3.061483029653114,0.3685167379080634,0.7849818809726433,56.65458731509555,6.521301368358673,False,True
26.199999999999793,21.266666666666737,51.008273641,3.062075922511029,0.3685095536249646,0.7849777968115793,56.65186454105287,6.522657520485124,False,True
26.21666666666646,21.26111111111118,51.008273641,3.0626687100558097,0.36850235717094576,0.7849737037791624,56.649135852774926,6.524013629757614,False,True
26.233333333333125,21.255555555555624,51.008273641,3.063261392343553,0.3684951485429565,0.784969601879017,56.646401252678025,6.52536969647234,False,True
26.24999999999979,21.25000000000007,51.008273641,3.0638539694303093,0.3684879277379409,0.7849654911147647,56.64366074317647,6.526725720925575,False,True
26.266666666666456,21.244444444444515,51.008273641,3.0644464413720782,0.36848069475283574,0.7849613714900239,56.64091432668257,6.528081703413684,False,True
26.283333333333122,21.238888888888958,51.008273641,3.0650388082248097,0.3684734495845707,0.7849572430084099,56.638162005606574,6.5294376442331155,False,True
26.299999999999788,21.233333333333405,51.008273641,3.065631070044404,0.3684661922300684,0.7849531056735352,56.63540378235681,6.530793543680415,False,True
26.316666666666453,21.22777777777785,51.008273641,3.0662232268867107,0.36845892268624514,0.7849489594890092,56.6326396593395,6.532149402052205,False,True
26.33333333333312,21.222222222222292,51.008273641,3.066815278807533,0.36845164095001004,0.7849448044584384,56.629869638958915,6.5335052196452015,False,True
26.349999999999785,21.21666666666674,51.008273641,3.0674072258626217,0.3684443470182644,0.784940640585426,56.62709372361737,6.534860996756222,False,True
26.36666666666645,21.211111111111183,51.008273641,3.06799906810768,0.36843704088790385,0.7849364678735726,56.6243119157151,6.536216733682158,False,True
26.383333333333116,21.205555555555627,51.008273641,3.0685908055983604,0.36842972255581674,0.7849322863264755,56.62152421765037,6.537572430719989,False,True
26.399999999999782,21.200000000000074,51.008273641,3.069182438390267,0.36842239201888416,0.7849280959477292,56.61873063181949,6.538928088166798,False,True
26.416666666666448,21.194444444444517,51.008273641,3.0697739665389547,0.36841504927398017,0.7849238967409251,56.61593116061675,6.540283706319756,False,True
26.433333333333113,21.18888888888896,51.008273641,3.07036539009993,0.36840769431797266,0.7849196887096517,56.61312580643444,6.541639285476114,False,True
26.44999999999978,21.183333333333408,51.008273641,3.0709567091286476,0.3684003271477214,0.7849154718574943,56.6103145716629,6.54299482593323,False,True
26.466666666666445,21.17777777777785,51.008273641,3.071547923680517,0.3683929477600803,0.7849112461880358,56.60749745869049,6.544350327988545,False,True
26.48333333333311,21.172222222222295,51.008273641,3.0721390338108967,0.36838555615189605,0.7849070117048552,56.60467446990349,6.545705791939588,False,True
26.499999999999776,21.166666666666742,51.008273641,3.072730039575095,0.36837815232000803,0.7849027684115295,56.601845607686364,6.547061218083989,False,True
26.516666666666442,21.161111111111186,51.008273641,3.0733209410283755,0.3683707362612489,0.7848985163116322,56.59901087442146,6.5484166067194725,False,True
26.533333333333108,21.15555555555563,51.008273641,3.073911738225948,0.3683633079724442,0.7848942554087338,56.596170272489246,6.549771958143851,False,True
26.549999999999773,21.150000000000077,51.008273641,3.074502431222978,0.36835586745041254,0.7848899857064022,56.59332380426818,6.551127272655038,False,True
26.56666666666644,21.14444444444452,51.008273641,3.0750930200745796,0.3683484146919662,0.784885707208202,56.59047147213473,6.552482550551027,False,True
26.583333333333105,21.138888888888964,51.008273641,3.0756835048358195,0.36834094969390985,0.7848814199176951,56.58761327846344,6.553837792129918,False,True
26.59999999999977,21.13333333333341,51.008273641,3.0762738855617147,0.36833347245304127,0.7848771238384402,56.58474922562685,6.5551929976898995,False,True
26.616666666666436,21.127777777777855,51.008273641,3.076864162307236,0.3683259829661512,0.7848728189739933,56.581879315995586,6.556548167529267,False,True
26.633333333333102,21.122222222222298,51.008273641,3.077454335127303,0.368318481230024,0.7848685053279074,56.57900355193826,6.5579033019463955,False,True
26.649999999999768,21.116666666666745,51.008273641,3.07804440407679,0.36831096724143636,0.7848641829037324,56.57612193582159,6.559258401239766,False,True
26.666666666666433,21.11111111111119,51.008273641,3.0786343692105205,0.3683034409971583,0.7848598517050154,56.57323447001028,6.560613465707957,False,True
26.6833333333331,21.105555555555632,51.008273641,3.0792242305832715,0.3682959024939529,0.7848555117353007,56.57034115686712,6.561968495649641,False,True
26.699999999999765,21.10000000000008,51.008273641,3.0798139882497697,0.36828835172857655,0.7848511629981294,56.56744199875292,6.5633234913635805,False,True
26.71666666666643,21.094444444444523,51.008273641,3.080403642264696,0.36828078869777786,0.7848468054970399,56.56453699802658,6.56467845314865,False,True
26.733333333333096,21.088888888888967,51.008273641,3.0809931926826826,0.3682732133982995,0.7848424392355675,56.56162615704501,6.566033381303809,False,True
26.749999999999762,21.083333333333414,51.008273641,3.0815826395583126,0.3682656258268763,0.7848380642172448,56.55870947816324,6.567388276128123,False,True
26.766666666666428,21.077777777777857,51.008273641,3.0821719829461234,0.36825802598023627,0.7848336804456014,56.55578696373431,6.568743137920763,False,True
26.783333333333093,21.0722222222223,51.008273641,3.0827612229006025,0.3682504138551011,0.7848292879241638,56.55285861610928,6.57009796698098,False,True
26.79999999999976,21.066666666666748,51.008273641,3.08335035947619,0.3682427894481848,0.7848248866564561,56.54992443763739,6.571452763608139,False,True
26.816666666666425,21.06111111111119,51.008273641,3.083939392727279,0.3682351527561947,0.7848204766459987,56.54698443066588,6.5728075281016975,False,True
26.83333333333309,21.055555555555635,51.008273641,3.084528322708214,0.3682275037758309,0.78481605789631,56.54403859754002,6.574162260761222,False,True
26.849999999999756,21.050000000000082,51.008273641,3.0851171494732927,0.3682198425037868,0.7848116304109048,56.541086940603236,6.575516961886371,False,True
26.866666666666422,21.044444444444526,51.008273641,3.085705873076766,0.3682121689367485,0.7848071941932955,56.53812946219697,6.576871631776913,False,True
26.883333333333088,21.03888888888897,51.008273641,3.086294493572834,0.36820448307139586,0.7848027492469911,56.53516616466076,6.5782262707327,False,True
26.899999999999753,21.033333333333417,51.008273641,3.0868830110156527,0.3681967849044009,0.7847982955754983,56.53219705033218,6.579580879053706,False,True
26.91666666666642,21.02777777777786,51.008273641,3.0874714254593307,0.3681890744324289,0.7847938331823204,56.52922212154695,6.580935457040001,False,True
26.933333333333085,21.022222222222304,51.008273641,3.088059736957926,0.3681813516521378,0.7847893620709583,56.52624138063887,6.582290004991757,False,True
26.94999999999975,21.01666666666675,51.008273641,3.0886479455654525,0.36817361656017955,0.7847848822449096,56.52325482993975,6.583644523209242,False,True
26.966666666666416,21.011111111111195,51.008273641,3.089236051335877,0.3681658691531981,0.7847803937076694,56.52026247177957,6.584999011992842,False,True
26.983333333333082,21.005555555555638,51.008273641,3.089824054323116,0.3681581094278312,0.7847758964627295,56.51726430848632,6.586353471643025,False,True
26.999999999999748,21.000000000000085,51.008273641,3.090411954581042,0.368150337380709,0.7847713905135792,56.514260342386166,6.587707902460382,False,True
27.016666666666413,20.99444444444453,51.008273641,3.0909997521634787,0.3681425530084545,0.784766875863705,56.51125057580334,6.5890623047456085,False,True
27.03333333333308,20.988888888888972,51.008273641,3.0915874471242035,0.3681347563076843,0.7847623525165901,56.508235011060115,6.5904166787994924,False,True
27.049999999999745,20.98333333333342,51.008273641,3.092175039516948,0.3681269472750076,0.7847578204757154,56.50521365047694,6.591771024922938,False,True
27.06666666666641,20.977777777777863,51.008273641,3.092762529395394,0.36811912590702695,0.7847532797445584,56.502186496372296,6.593125343416943,False,True
27.083333333333076,20.972222222222307,51.008273641,3.0933499168131804,0.36811129220033706,0.7847487303265942,56.49915355106283,6.594479634582632,False,True
27.099999999999742,20.966666666666754,51.008273641,3.093937201823895,0.3681034461515271,0.7847441722252948,56.496114816863226,6.595833898721202,False,True
27.116666666666408,20.961111111111197,51.008273641,3.094524384481083,0.3680955877571773,0.7847396054441296,56.4930702960864,6.597188136134002,False,True
27.133333333333074,20.95555555555564,51.008273641,3.095111464838239,0.36808771701386284,0.7847350299865647,56.49001999104317,6.598542347122443,False,True
27.14999999999974,20.950000000000088,51.008273641,3.095698442948815,0.3680798339181502,0.784730445856064,56.48696390404269,6.599896531988077,False,True
27.166666666666405,20.94444444444453,51.008273641,3.0962853188662134,0.3680719384665998,0.7847258530560881,56.483902037392085,6.601250691032547,False,True
27.18333333333307,20.938888888888975,51.008273641,3.0968720926437916,0.36806403065576493,0.784721251590095,56.48083439339665,6.602604824557607,False,True
27.199999999999736,20.933333333333422,51.008273641,3.09745876433486,0.3680561104821918,0.7847166414615396,56.47776097435974,6.60395893286512,False,True
27.216666666666402,20.927777777777866,51.008273641,3.098045333992684,0.3680481779424189,0.7847120226738744,56.47468178258295,6.605313016257071,False,True
27.233333333333068,20.92222222222231,51.008273641,3.098631801670481,0.36804023303297895,0.7847073952305488,56.47159682036587,6.606667075035529,False,True
27.249999999999734,20.916666666666757,51.008273641,3.099218167421421,0.36803227575039676,0.7847027591350094,56.46850609000629,6.60802110950269,False,True
27.2666666666664,20.9111111111112,51.008273641,3.099804431298632,0.3680243060911903,0.7846981143907001,56.46540959380011,6.609375119960861,False,True
27.283333333333065,20.905555555555644,51.008273641,3.100390593355192,0.36801632405187046,0.784693461001062,56.46230733404134,6.610729106712452,False,True
27.29999999999973,20.90000000000009,51.008273641,3.100976653644135,0.36800832962894114,0.7846887989695333,56.45919931302217,6.612083070059992,False,True
27.316666666666396,20.894444444444535,51.008273641,3.1015626122184488,0.3680003228188992,0.7846841282995493,56.456085533032876,6.613437010306115,False,True
27.333333333333062,20.888888888888978,51.008273641,3.1021484691310732,0.36799230361823476,0.7846794489945428,56.45296599636188,6.614790927753565,False,True
27.349999999999728,20.883333333333425,51.008273641,3.1027342244349048,0.36798427202343037,0.7846747610579436,56.44984070529574,6.6161448227052055,False,True
27.366666666666394,20.87777777777787,51.008273641,3.1033198781827935,0.36797622803096147,0.7846700644931788,56.4467096621192,6.617498695464015,False,True
27.38333333333306,20.872222222222312,51.008273641,3.103905430427542,0.36796817163729734,0.7846653593036726,56.44357286911509,6.618852546333066,False,True
27.399999999999725,20.86666666666676,51.008273641,3.104490881221909,0.36796010283889885,0.7846606454928466,56.4404303285644,6.620206375615571,False,True
27.41666666666639,20.861111111111203,51.008273641,3.1050762306186073,0.3679520216322212,0.7846559230641195,56.43728204274628,6.621560183614834,False,True
27.433333333333056,20.855555555555647,51.008273641,3.105661478670302,0.36794392801371134,0.784651192020907,56.43412801393804,6.622913970634288,False,True
27.449999999999722,20.850000000000094,51.008273641,3.1062466254296157,0.36793582197981034,0.7846464523666227,56.43096824441511,6.6242677369774645,False,True
27.466666666666388,20.844444444444537,51.008273641,3.106831670949125,0.36792770352695076,0.7846417041046766,56.427802736451085,6.625621482948037,False,True
27.483333333333054,20.83888888888898,51.008273641,3.1074166152813576,0.36791957265155967,0.7846369472384765,56.4246314923177,6.62697520884976,False,True
27.49999999999972,20.833333333333428,51.008273641,3.108001458478799,0.3679114293500559,0.7846321817714274,56.42145451428493,6.628328914986528,False,True
27.516666666666385,20.82777777777787,51.008273641,3.1085862005938902,0.3679032736188514,0.7846274077069312,56.41827180462079,6.629682601662351,False,True
27.53333333333305,20.822222222222315,51.008273641,3.1091708416790236,0.36789510545435167,0.7846226250483873,56.415083365591535,6.631036269181339,False,True
27.549999999999716,20.816666666666762,51.008273641,3.1097553817865484,0.3678869248529543,0.7846178337991924,56.411889199461584,6.6323899178477355,False,True
27.566666666666382,20.811111111111206,51.008273641,3.1103398209687687,0.36787873181105074,0.7846130339627402,56.408689308493464,6.6337435479658895,False,True
27.583333333333048,20.80555555555565,51.008273641,3.110924159277943,0.36787052632502437,0.7846082255424219,56.40548369494795,6.635097159840279,False,True
27.599999999999714,20.800000000000097,51.008273641,3.1115083967662844,0.36786230839125217,0.7846034085416258,56.40227236108392,6.636450753775487,False,True
27.61666666666638,20.79444444444454,51.008273641,3.112092533485961,0.36785407800610376,0.7845985829637376,56.399055309158456,6.637804330076225,False,True
27.633333333333045,20.788888888888984,51.008273641,3.112676569489097,0.36784583516594155,0.7845937488121402,56.39583254142683,6.6391578890473255,False,True
27.64999999999971,20.78333333333343,51.008273641,3.11326050482777,0.36783757986712134,0.7845889060902137,56.39260406014247,6.640511430993725,False,True
27.666666666666377,20.777777777777874,51.008273641,3.1138443395540154,0.3678293121059913,0.7845840548013354,56.38936986755697,6.641864956220498,False,True
27.683333333333042,20.772222222222318,51.008273641,3.11442807371982,0.3678210318788924,0.7845791949488802,56.38612996592016,6.643218465032831,False,True
27.699999999999708,20.766666666666765,51.008273641,3.1150117073771293,0.3678127391821598,0.78457432653622,56.38288435747999,6.644571957736021,False,True
27.716666666666374,20.76111111111121,51.008273641,3.1155952405778415,0.3678044340121196,0.7845694495667239,56.37963304448264,6.645925434635505,False,True
27.73333333333304,20.755555555555652,51.008273641,3.1161786733738124,0.36779611636509213,0.7845645640437586,56.37637602917245,6.647278896036831,False,True
27.749999999999705,20.7500000000001,51.008273641,3.1167620058168515,0.3677877862373906,0.7845596699706879,56.37311331379197,6.6486323422456595,False,True
27.76666666666637,20.744444444444543,51.008273641,3.117345237958725,0.36777944362532033,0.7845547673508728,56.36984490058191,6.649985773567795,False,True
27.783333333333037,20.738888888888987,51.008273641,3.1179283698511537,0.36777108852518015,0.7845498561876718,56.36657079178124,6.6513391903091446,False,True
27.799999999999702,20.733333333333434,51.008273641,3.1185114015458133,0.36776272093326157,0.7845449364844406,56.36329098962708,6.652692592775748,False,True
27.816666666666368,20.727777777777877,51.008273641,3.1190943330943375,0.367754340845849,0.7845400082445321,56.36000549635474,6.654045981273767,False,True
27.833333333333034,20.72222222222232,51.008273641,3.119677164548314,0.3677459482592198,0.7845350714712966,56.356714314197745,6.655399356109486,False,True
27.8499999999997,20.716666666666768,51.008273641,3.1202598959592853,0.36773754316964435,0.7845301261680817,56.35341744538781,6.6567527175893035,False,True
27.866666666666365,20.71111111111121,51.008273641,3.1208425273787523,0.3677291255733852,0.7845251723382324,56.35011489215491,6.658106066019766,False,True
27.88333333333303,20.705555555555655,51.008273641,3.1214250588581702,0.3677206954666986,0.7845202099850908,56.346806656727146,6.659459401707526,False,True
27.899999999999697,20.700000000000102,51.008273641,3.122007490448949,0.3677122528458335,0.7845152391119963,56.34349274133088,6.660812724959358,False,True
27.916666666666362,20.694444444444546,51.008273641,3.1225898222024564,0.3677037977070313,0.784510259722286,56.34017314819069,6.662166036082179,False,True
27.933333333333028,20.68888888888899,51.008273641,3.123172054170017,0.3676953300465266,0.784505271819294,56.33684787952931,6.663519335383022,False,True
27.949999999999694,20.683333333333437,51.008273641,3.123754186402907,0.36768684986054667,0.7845002754063517,56.333516937567786,6.664872623169044,False,True
27.96666666666636,20.67777777777788,51.008273641,3.124336218952364,0.36767835714531183,0.7844952704867879,56.330180324525294,6.666225899747537,False,True
27.983333333333025,20.672222222222324,51.008273641,3.1249181518695783,0.3676698518970353,0.7844902570639288,56.32683804261925,6.667579165425911,False,True
27.99999999999969,20.66666666666677,51.008273641,3.1254999852056975,0.36766133411192303,0.784485235141098,56.323490094065335,6.668932420511706,False,True
28.016666666666357,20.661111111111214,51.008273641,3.126081719011826,0.3676528037861737,0.7844802047216161,56.32013648107738,6.670285665312595,False,True
28.033333333333022,20.655555555555658,51.008273641,3.126663353339024,0.36764426091597896,0.7844751658088013,56.31677720586752,6.6716389001363785,False,True
28.049999999999688,20.650000000000105,51.008273641,3.127244888238307,0.3676357054975235,0.784470118405969,56.31341227064605,6.672992125290974,False,True
28.066666666666354,20.64444444444455,51.008273641,3.1278263237606487,0.3676271375269842,0.7844650625164323,56.310041677621555,6.674345341084451,False,True
28.08333333333302,20.638888888888992,51.008273641,3.1284076599569794,0.36761855700053186,0.7844599981435012,56.306665429000816,6.675698547824984,False,True
28.099999999999685,20.63333333333344,51.008273641,3.128988896878182,0.367609963914329,0.7844549252904832,56.30328352698884,6.677051745820894,False,True
28.11666666666635,20.627777777777883,51.008273641,3.1295700345751025,0.3676013582645318,0.7844498439606833,56.29989597378891,6.678404935380622,False,True
28.133333333333017,20.622222222222327,51.008273641,3.1301510730985376,0.36759274004728854,0.7844447541574037,56.296502771602476,6.679758116812753,False,True
28.149999999999682,20.616666666666774,51.008273641,3.1307320124992444,0.36758410925874124,0.7844396558839439,56.29310392262933,6.681111290425983,False,True
28.166666666666348,20.611111111111217,51.008273641,3.131312852827934,0.3675754658950237,0.7844345491436011,56.28969942906743,6.682464456529163,False,True
28.183333333333014,20.60555555555566,51.008273641,3.131893594135277,0.36756680995226354,0.7844294339396695,56.286289293112965,6.683817615431257,False,True
28.19999999999968,20.600000000000108,51.008273641,3.1324742364718983,0.36755814142658033,0.7844243102754407,56.282873516960464,6.685170767441372,False,True
28.216666666666345,20.59444444444455,51.008273641,3.133054779888381,0.3675494603140869,0.7844191781542039,56.27945210280261,6.686523912868745,False,True
28.23333333333301,20.588888888888995,51.008273641,3.1336352244352668,0.3675407666108894,0.7844140375792455,56.27602505283037,6.687877052022739,False,True
28.249999999999677,20.583333333333442,51.008273641,3.13421557016305,0.3675320603130856,0.7844088885538494,56.27259236923295,6.689230185212864,False,True
28.266666666666342,20.577777777777886,51.008273641,3.1347958171221855,0.36752334141676696,0.7844037310812968,56.269154054197855,6.690583312748756,False,True
28.283333333333008,20.57222222222233,51.008273641,3.1353759653630844,0.36751460991801743,0.7843985651648663,56.26571010991084,6.691936434940186,True,False
28.299999999999674,20.566666666666777,47.5,2.5976189209940945,0.2992141257942092,0.7858610303347898,57.24068688985993,6.822430178559008,False,False
28.31666666666634,20.56111111111122,46.6,2.44915535882641,0.28266103241320634,0.785671390128791,57.11426008586067,6.807557727297895,False,False
28.333333333333005,20.555555555555664,45.7,2.2946688149323253,0.2664829495589104,0.7851174581266412,56.744972084427495,6.760599693917264,False,False
28.34999999999967,20.55000000000011,44.800000000000004,2.1329471507069337,0.25065856174237294,0.7840907483813733,56.06049892091553,6.672120497422451,False,False
28.366666666666337,20.544444444444554,43.900000000000006,1.9623469176412291,0.23515602061612415,0.7824428367483873,54.961891165591595,6.52938540506318,False,False
28.383333333333002,20.538888888888998,43.00000000000001,1.780547322355281,0.21992570423854402,0.7799637798244035,53.3091865496023,6.314688974209737,False,False
28.399999999999668,20.533333333333445,42.10000000000001,1.584089237225418,0.20488522006050996,0.7763426638933938,50.89510926226253,6.002365899840078,False,False
28.416666666666334,20.52777777777789,41.20000000000001,1.3674134875014832,0.1898838775652169,0.7710873860481107,47.39159069874046,5.552842638587419,False,False
28.433333333333,20.522222222222332,40.30000000000001,1.120514808737953,0.1745997782740638,0.7633340322172312,42.22268814482082,4.89878678866637,False,False
28.449999999999665,20.51666666666678,39.40000000000001,0.8215508584661751,0.15811861572714708,0.7512621825315386,34.174788354359094,3.9033992813155654,False,False
28.46666666666633,20.511111111111223,38.500000000000014,0.3965157446727935,0.13488397341075334,0.7289953338177944,19.330222545196225,2.143013141906078,False,False
28.883333333332974,20.37222222222234,38.5,0.47347358222147806,0.13826561608265897,0.7335473951309687,22.364930087312455,2.5119427572959223,True,False
28.89999999999964,20.366666666666788,47.5,2.622467880109906,0.2991383925779806,0.7858611730344603,57.240782022973576,6.889438920720024,False,False
28.916666666666305,20.36111111111123,48.5,2.7815087926345314,0.3179095372080386,0.7856677171548051,57.111811436536755,6.874099099219891,False,False
28.93333333333297,20.355555555555675,47.6,2.639933198097524,0.3009891111560633,0.7858546758465732,57.23645056438218,6.892620931299577,False,False
28.949999999999637,20.350000000000122,48.410000000000004,2.768789133209435,0.3161917469246147,0.7856924589862425,57.12830599082839,6.880055420941657,False,False
28.966666666666303,20.344444444444566,47.681000000000004,2.6542821500792044,0.30249006639321996,0.785846114659895,57.23074310659665,6.8956225231520785,False,False
28.98333333333297,20.33888888888901,48.33710000000001,2.7587127370078135,0.3148021968217876,0.7857106501417389,57.14043342782597,6.885434727051078,False,False
28.999999999999634,20.333333333333456,47.746610000000004,2.666123757250856,0.3037065608121347,0.7858368064156359,57.22453761042397,6.898560812464202,False,False
29.0166666666663,20.3277777777779,48.278051000000005,2.7507869201838817,0.3136774547340115,0.7857239925047457,57.1493283364971,6.890387717821406,False,False
29.033333333332966,20.322222222222344,47.7997541,2.6759454295700977,0.3046918888966794,0.7858274867531272,57.21832450208484,6.901501314072243,False,False
29.04999999999963,20.31666666666679,48.230221310000005,2.7446092340418096,0.3127664972686431,0.7857337043489487,57.15580289929918,6.895022322680878,False,True
29.066666666666297,20.311111111111234,48.008273641,2.7103496190863683,0.3085870285385342,0.7857867413559909,57.19116090399399,6.901640698262141,False,True
29.083333333332963,20.305555555555678,48.008273641,2.7110158389234913,0.3085835827823303,0.7857853157270134,57.19021048467556,6.903401722547539,False,True
29.09999999999963,20.300000000000125,48.008273641,2.7116819093518125,0.30858012473529123,0.785783877220704,57.1892514804693,6.905162561417609,False,True
29.116666666666294,20.29444444444457,48.008273641,2.712347830471809,0.3085766543962198,0.785782425843849,57.188283895899374,6.90692321533754,False,True
29.13333333333296,20.288888888889012,48.008273641,2.713013602383844,0.3085731717639095,0.7857809616032277,57.187307735485206,6.908683684772466,False,True
29.149999999999626,20.28333333333346,48.008273641,2.7136792251881676,0.3085696768371443,0.7857794845056121,57.18632300374138,6.910443970187493,False,True
29.16666666666629,20.277777777777903,48.008273641,2.714344698984919,0.3085661696146983,0.7857779945577666,57.18532970517779,6.912204072047686,False,True
29.183333333332957,20.272222222222346,48.008273641,2.7150100238741244,0.3085626500953364,0.7857764917664493,57.18432784429952,6.913963990818075,False,True
29.199999999999623,20.266666666666794,48.008273641,2.715675199955698,0.3085591182778137,0.7857749761384103,57.18331742560688,6.915723726963655,False,True
29.21666666666629,20.261111111111237,48.008273641,2.716340227329444,0.30855557416087626,0.7857734476803931,57.18229845359545,6.917483280949386,False,True
29.233333333332954,20.25555555555568,48.008273641,2.717005106095053,0.30855201774326024,0.7857719063991341,57.18127093275606,6.919242653240193,False,True
29.24999999999962,20.250000000000128,48.008273641,2.7176698363521057,0.3085484490236925,0.7857703523013622,57.180234867574775,6.921001844300969,False,True
29.266666666666286,20.24444444444457,48.008273641,2.718334418200071,0.3085448680008898,0.7857687853937995,57.179190262533005,6.922760854596585,False,True
29.28333333333295,20.238888888889015,48.008273641,2.718998851738307,0.30854127467356074,0.785767205683161,57.178137122107344,6.924519684591853,False,True
29.299999999999617,20.233333333333462,48.008273641,2.7196631370660604,0.3085376690404028,0.7857656131761546,57.17707545076974,6.926278334751586,False,True
29.316666666666283,20.227777777777906,48.008273641,2.720327274282468,0.308534051100105,0.7857640078794811,57.176005252987416,6.92803680554055,False,True
29.33333333333295,20.22222222222235,48.008273641,2.7209912634865563,0.3085304208513469,0.7857623897998343,57.17492653322284,6.92979509742348,False,True
29.349999999999614,20.216666666666796,48.008273641,2.7216551047772404,0.30852677829279795,0.7857607589439007,57.173839295933846,6.931553210865092,False,True
29.36666666666628,20.21111111111124,48.008273641,2.722318798253326,0.30852312342311855,0.7857591153183603,57.17274354557358,6.933311146330068,False,True
29.383333333332946,20.205555555555684,48.008273641,2.72298234401351,0.3085194562409598,0.7857574589298857,57.17163928659046,6.935068904283064,False,True
29.39999999999961,20.20000000000013,48.008273641,2.723645742156377,0.30851577674496267,0.7857557897851424,57.170526523428286,6.936826485188711,True,False
29.416666666666277,20.194444444444574,47.5,2.643694982199016,0.29906034827244654,0.7858466321543542,57.23108810290283,6.946888178943089,False,False
29.433333333332943,20.188888888889018,46.6,2.4978022027549907,0.28262565254387095,0.7858020618109638,57.20137454064255,6.944798192429344,False,False
29.44999999999961,20.183333333333465,45.7,2.346306926531418,0.26657016162419606,0.785428940476622,56.95262698441469,6.913216963632057,False,False
29.466666666666274,20.17777777777791,44.800000000000004,2.188127894248322,0.250876075682747,0.784630251136503,56.42016742433532,6.843503648207455,False,False
29.48333333333294,20.172222222222352,43.900000000000006,2.0218182344690234,0.23551706929146654,0.783274551888548,55.51636792569871,6.724093401671755,False,False
29.499999999999606,20.1666666666668,43.00000000000001,1.8453691401936803,0.22045283968779492,0.781178405404086,54.11893693605735,6.539097089245699,False,False
29.51666666666627,20.161111111111243,42.10000000000001,1.6558540499427998,0.20561827244111738,0.77807529820621,52.050198804140045,6.265878603100101,False,False
29.533333333332937,20.155555555555686,41.20000000000001,1.4487196704396645,0.19089922641161217,0.7735552713020962,49.036847534730796,5.870451959251468,False,False
29.549999999999603,20.150000000000134,40.30000000000001,1.216170972320232,0.17606839471877767,0.7669309700221724,44.62064668144827,5.2974821801728496,False,False
29.56666666666627,20.144444444444577,39.40000000000001,0.9426444102381984,0.16056197178828255,0.756872109616023,37.91473974401536,4.443525795357752,False,False
29.583333333332934,20.13888888888902,38.500000000000014,0.58614192174899,0.14212620863777595,0.7399395308114065,26.626353874271015,3.051580582672121,False,False
29.98333333333291,20.005555555555695,38.0,0.3770168505703687,0.12898825925447938,0.7281190106089371,18.746007072624796,2.128202503133333,True,False
